536
1072
1608
2144
3216
4824
6432
7504
10184
9648
15008
10988
12328
12328
15544
25192
3801
17420
15544
4365
33768
23316
41808
5149
536
1072
3247
1608
8294
8294
7544
1072
2144
8396
8432
4453
9534
7607
9265
3761
8455
11812
10863
5472
4650
8912
4001
11760
11999
9645
4392
12571
6040
6446
5714
6272
13161
6700
6956
7912
6101
8399
8632
7014
9132
6876
7118
7709
9858
10084
1072
1340
5471
8182
6826
8435
4682
7945
7725
9268
11851
8293
8463
7339
3263
6342
4001
7225
3980
9738
4666
10192
6020
10492
10732
4824
8391
8285
1608
7606
19296
6108
9376
8285
4681
8420
5411
5312
3805
5312
5876
3286
9789
4806
6606
10296
10567
6943
7065
7694
8073
2787
7792
5464
8811
1554
8522
6897
4680
9008
9406
6938
10482
9848
2675
2885
7863
10378
5258
13668
9380
6252
5316
4764
16616
12017
6022
12362
4887
6581
4126
6736
6985
7381
4855
5086
2752
5628
3837
5772
36984
6606
8815
8975
4022
7804
10297
7002
4794
4430
7899
4921
5149
5367
4048
6025
5678
4161
7772
6644
20100
4860
6663
7451
6067
7237
6357
4685
7840
6832
5152
8365
7414
7452
9582
8923
7753
8533
8551
4396
9962
9916
7186
6206
9742
9537
7793
10415
6850
8287
5780
11009
7863
8112
7064
6651
6387
2594
12186
7225
2531
2752
8620
5728
7060
6978
6777
6431
7788
10452
6651
9646
4548
4999
5056
10379
3566
9282
8182
6272
3679
10042
8655
9131
6978
7139
10622
17956
7840
8019
11365
29212
6470
8763
12109
9147
7301
7531
20636
9804
7200
5778
6208
7792
7950
5035
5148
8388
8667
5391
5650
8653
9418
3950
5104
4853
4430
4620
9286
7320
10324
8782
9648
5621
9161
5924
2404
6342
4580
3475
2848
4883
5092
4865
3523
7531
3984
14204
7935
2752
4368
8719
5063
3724
3080
9615
6860
4557
7223
6022
4191
5043
8795
5140
11114
5650
4430
5819
11802
6362
5149
7937
5148
7281
13668
4026
6667
5924
6563
9588
7397
6254
6432
2544
7104
7484
5926
8182
11340
6344
10540
8319
8554
10113
11256
5576
9962
5223
9782
10486
10018
7180
5988
7583
11489
5086
11407
12060
5576
8908
4906
4163
4365
6519
9873
9987
6942
9756
7028
6509
8844
4255
2053
5728
11256
6515
8669
4666
4118
6734
9360
9600
7184
9186
5525
6054
14204
8679
4430
6766
8719
6649
8297
8217
7262
6252
8719
6983
10594
6818
9713
8379
4970
7262
8731
9193
4742
3519
8521
4154
8844
5472
7639
7099
5972
4430
7931
21172
5924
6014
4230
5312
4308
6748
6983
5149
6734
6471
7680
6772
4453
8182
9526
7340
8632
8923
7968
8554
8844
9655
9175
9418
9038
10168
20904
7198
9760
5366
4979
5332
10513
15008
6012
4091
6402
7064
6431
6956
7198
4556
4690
11801
7931
21440
7971
8943
6490
15812
9080
9127
8576
6301
6344
2885
5312
8111
6901
5438
5720
8974
7791
6082
6606
3828
8721
6978
9410
9069
5747
7657
6108
5168
8285
6730
13668
6082
7120
7239
5472
5627
6601
4941
5876
8039
7341
5311
5365
8797
9004
4802
8108
8687
8912
7493
9959
3637
4865
10429
6342
7236
4330
6901
9958
7144
1608
5168
6694
6446
2989
10988
6818
6956
7682
6748
4680
7078
7315
1072
3355
8488
8587
8847
8229
2093
2230
6624
8844
9190
4484
7435
3230
7772
4970
2426
3854
10684
5034
5964
4412
7064
5923
6644
1608
3967
12232
12485
12640
5813
1946
2093
3247
9380
7935
2912
5974
6251
8923
6477
33500
6435
4875
5104
5096
4673
7305
5278
8181
5411
6114
4422
8913
5892
7152
7184
9916
5772
6553
7134
3475
6515
8321
3063
3247
11563
11611
10452
6129
2764
8144
10242
9898
9983
8876
4977
10670
7455
5365
7455
8182
7863
8077
8879
9018
2885
5278
5490
3263
9916
6475
6734
4396
1072
7078
7144
10283
5278
5116
7912
11464
5335
5545
9523
8632
7104
6037
9357
9387
5207
10130
3238
4556
5878
4828
7065
5281
5720
4628
7950
5366
7026
6245
7264
7645
6342
5677
8219
6649
7750
3488
8143
7531
7791
9646
536
6342
5496
5215
5799
6040
3854
7569
4365
9556
6859
5632
4548
6312
6446
10988
6874
5366
5419
4022
4091
9006
7796
8149
6648
5034
7144
5311
4743
4921
9173
7934
4906
5627
6430
9993
9916
10514
9375
9405
7454
7679
7898
7934
5518
13302
10377
3960
6292
5966
1072
6602
9585
8311
9875
6435
7528
8936
8039
6523
3743
7425
8876
7651
5527
7383
9313
6750
7903
6162
8628
8887
1072
9169
6247
8299
8502
2782
11486
10076
7060
3230
4978
9266
3728
10113
9887
5924
4368
8518
10893
7418
1608
7864
5258
8183
3216
1608
6292
5728
6404
3954
3867
4191
9131
6860
8410
4291
5148
7733
9876
8196
3778
4001
10184
3105
3286
4680
7064
9162
10029
4912
2675
6776
10841
5358
5568
3519
5679
7935
8700
5035
4392
