536
536
1072
1608
2144
1608
3216
4824
4824
4288
9648
10720
6968
8576
5360
6432
13936
15008
15008
22512
22512
26800
22512
28944
22512
10184
33768
33768
44488
15008
33768
16080
33768
50384
50384
22512
19296
31356
71824
33768
60568
31356
48776
61104
65972
47704
80400
66092
66172
5202
5257
80936
66320
66396
5794
22512
66468
66496
2278
53064
66780
66800
13400
82544
67028
67164
25728
4453
67312
67396
6832
31356
67552
67620
3230
84152
67784
67868
67932
84688
67000
68080
68156
68200
68244
68304
68372
3880
85760
68528
68572
68644
8054
2636
5940
68868
4167
86832
69020
69092
50384
69208
3045
69304
75576
53600
4623
87904
76112
60568
69680
88440
69740
69872
69884
69960
88976
69984
70116
7118
70140
70168
70228
70352
17916
8040
90048
70472
70596
18159
70636
71020
70716
70848
18414
70888
536
79328
9605
3778
73164
79864
71252
71332
71352
71424
19430
19149
71508
76648
71628
71680
74236
5316
71704
71824
71849
4412
5527
71909
72005
22202
16199
72023
72080
1903
72092
72188
22454
19920
72203
72266
46900
37252
9327
72275
72365
15544
22646
72440
2192
5134
9417
72458
72551
22886
20424
2053
2446
9655
72641
72734
16080
22970
27336
2675
72824
72917
17152
72959
2885
73007
73097
23666
21146
73124
6054
10361
73190
73280
6271
73325
3263
73373
73454
23986
73481
73544
3519
73556
73649
24228
73661
26800
3757
73739
22043
73844
30552
3980
8287
24888
74006
7241
74054
4191
5472
536
74105
74198
74213
25163
74258
81740
1072
74288
74381
74396
25416
74441
5972
2144
74471
74552
74573
25570
7963
17972
9195
74657
74720
14469
74792
23224
4707
8243
18182
9408
74831
74873
8437
74963
25977
23668
8447
18422
23988
75014
75050
8735
75146
8075
75167
18677
9878
75197
75248
15096
75320
26470
24142
5796
18917
24483
75380
75428
15494
75524
24219
6037
19157
10352
1554
26860
15584
75677
26950
24615
6269
17206
24835
5258
75776
15818
75860
27200
24868
6492
17478
25132
5419
75953
76028
76037
27450
6269
6750
76079
25308
5524
76109
76175
10255
76244
27700
6999
76262
6968
76292
76346
16761
27950
6917
7239
10184
6160
96480
28210
5056
10100
28370
28460
5278
6475
32704
32904
17538
12684
5490
25460
10646
33104
11501
10750
5843
34572
10828
29099
18000
29189
5988
43684
33424
33616
18270
6221
11287
33672
11462
12211
8535
6534
74772
14540
34088
18705
12464
30017
9944
7935
34168
18825
30026
19050
10196
14996
34640
30251
19295
10442
8488
34672
34904
30503
19533
10684
15489
35136
19757
30755
19785
10918
9100
35184
12828
30989
20037
11174
9376
35408
20135
31232
20289
11424
9526
35672
31475
6210
536
9644
35864
20618
31727
6435
1072
9876
36088
36305
5278
21034
12163
10130
36312
21099
5490
6905
12393
16417
36522
36739
32365
32597
7148
12640
16672
17486
36760
21710
32605
21788
12882
5312
36998
37201
21983
32845
12394
13101
18552
37236
22074
17996
6446
12641
22292
7404
37474
37691
22520
33325
10334
22532
8081
37712
37943
22760
3757
8186
8391
14204
13769
38125
18746
34029
13395
8135
38202
14009
38363
23264
34205
13647
8376
5524
38440
2675
38608
34565
15211
8610
5924
14597
2984
34573
4828
15625
9379
38937
39042
14844
23981
34829
14388
9121
15015
1608
15091
35085
14635
9366
15273
39567
15345
24509
35437
5493
9606
3216
15597
3833
39868
15129
10160
15777
3980
40127
9142
35837
10093
6968
16094
10205
9567
36225
6223
10342
16264
4392
40645
25521
36309
36484
10585
16519
4646
40904
25763
9972
10056
36764
17622
21161
16774
4887
41092
26027
10280
6917
17638
11081
17022
41296
17102
5172
11231
10523
7160
11331
31892
5388
7200
30016
11578
41004
5747
7433
6068
21928
84956
5796
7806
40736
22302
20870
14472
9786
9193
18356
68876
8749
10954
6861
6943
18686
75844
9005
18776
22974
7185
21390
9253
11458
23274
7418
21637
536
9051
19064
23610
19292
1554
7239
19308
9175
23862
19754
1738
7471
19560
9388
19782
2144
22393
15258
19812
12448
20146
11655
2053
11823
24518
12692
20384
10724
22945
15744
20316
24837
20537
13171
12152
23137
15995
2563
20708
20888
11237
25101
8667
2782
13444
13654
12673
25211
2885
2984
