% start	end	CellId	IMSI	RNTI	LCID	nTxPDUs	TxBytes	nRxPDUs	RxBytes	delay	stdDev	min	max	PduSize	stdDev	min	max
1	1.25	1	1	6	4	74	77996	0	0	0	0	0	0	0	0	0	0	
1	1.25	1	2	19	4	74	77996	0	0	0	0	0	0	0	0	0	0	
1	1.25	1	3	58	4	74	77996	0	0	0	0	0	0	0	0	0	0	
1	1.25	1	4	3	4	74	77996	0	0	0	0	0	0	0	0	0	0	
1	1.25	1	5	49	4	74	77996	0	0	0	0	0	0	0	0	0	0	
1	1.25	1	6	59	4	74	77996	0	0	0	0	0	0	0	0	0	0	
1	1.25	1	7	8	4	74	77996	0	0	0	0	0	0	0	0	0	0	
1	1.25	1	8	7	4	74	77996	0	0	0	0	0	0	0	0	0	0	
1	1.25	1	9	23	4	76	80104	0	0	0	0	0	0	0	0	0	0	
1	1.25	1	10	15	4	76	80104	0	0	0	0	0	0	0	0	0	0	
1	1.25	2	11	34	4	76	80104	0	0	0	0	0	0	0	0	0	0	
1	1.25	2	12	73	4	76	80104	0	0	0	0	0	0	0	0	0	0	
1	1.25	2	13	116	4	76	80104	0	0	0	0	0	0	0	0	0	0	
1	1.25	2	14	108	4	76	80104	0	0	0	0	0	0	0	0	0	0	
1	1.25	2	15	99	4	76	80104	0	0	0	0	0	0	0	0	0	0	
1	1.25	2	16	44	4	76	80104	0	0	0	0	0	0	0	0	0	0	
1	1.25	2	17	21	4	74	77996	0	0	0	0	0	0	0	0	0	0	
1	1.25	2	18	36	4	74	77996	0	0	0	0	0	0	0	0	0	0	
1	1.25	2	19	62	4	74	77996	0	0	0	0	0	0	0	0	0	0	
1	1.25	2	20	15	4	74	77996	0	0	0	0	0	0	0	0	0	0	
1	1.25	3	21	237	4	74	77996	0	0	0	0	0	0	0	0	0	0	
1	1.25	3	22	160	4	74	77996	0	0	0	0	0	0	0	0	0	0	
1	1.25	3	23	23	4	74	77996	0	0	0	0	0	0	0	0	0	0	
1	1.25	3	24	94	4	74	77996	0	0	0	0	0	0	0	0	0	0	
1	1.25	3	25	123	4	74	77996	0	0	0	0	0	0	0	0	0	0	
1	1.25	3	26	102	4	74	77996	0	0	0	0	0	0	0	0	0	0	
1	1.25	3	27	65	4	74	77996	0	0	0	0	0	0	0	0	0	0	
1	1.25	3	28	219	4	74	77996	0	0	0	0	0	0	0	0	0	0	
1	1.25	3	29	85	4	74	77996	0	0	0	0	0	0	0	0	0	0	
1	1.25	3	30	59	4	74	77996	0	0	0	0	0	0	0	0	0	0	
1	1.25	4	31	93	4	74	77996	0	0	0	0	0	0	0	0	0	0	
1	1.25	4	32	110	4	37	38998	0	0	0	0	0	0	0	0	0	0	
1	1.25	4	33	126	4	37	38998	0	0	0	0	0	0	0	0	0	0	
1	1.25	4	34	89	4	37	38998	0	0	0	0	0	0	0	0	0	0	
1	1.25	4	35	145	4	37	38998	0	0	0	0	0	0	0	0	0	0	
1	1.25	4	36	121	4	37	38998	0	0	0	0	0	0	0	0	0	0	
1	1.25	4	37	42	4	39	41106	0	0	0	0	0	0	0	0	0	0	
1	1.25	4	38	37	4	39	41106	0	0	0	0	0	0	0	0	0	0	
1	1.25	4	39	74	4	39	41106	0	0	0	0	0	0	0	0	0	0	
1	1.25	4	40	33	4	39	41106	0	0	0	0	0	0	0	0	0	0	
1	1.25	5	41	58	4	39	41106	0	0	0	0	0	0	0	0	0	0	
1	1.25	5	42	12	4	39	41106	0	0	0	0	0	0	0	0	0	0	
1	1.25	5	43	23	4	39	41106	0	0	0	0	0	0	0	0	0	0	
1	1.25	5	44	105	4	39	41106	0	0	0	0	0	0	0	0	0	0	
1	1.25	5	45	33	4	39	41106	0	0	0	0	0	0	0	0	0	0	
1	1.25	5	46	56	4	39	41106	0	0	0	0	0	0	0	0	0	0	
1	1.25	5	47	49	4	37	38998	0	0	0	0	0	0	0	0	0	0	
1	1.25	5	48	77	4	37	38998	0	0	0	0	0	0	0	0	0	0	
1	1.25	5	49	67	4	37	38998	0	0	0	0	0	0	0	0	0	0	
1	1.25	5	50	45	4	37	38998	0	0	0	0	0	0	0	0	0	0	
1	1.25	6	51	81	4	37	38998	0	0	0	0	0	0	0	0	0	0	
1	1.25	6	52	30	4	37	38998	0	0	0	0	0	0	0	0	0	0	
1	1.25	6	53	12	4	37	38998	0	0	0	0	0	0	0	0	0	0	
1	1.25	6	54	55	4	37	38998	0	0	0	0	0	0	0	0	0	0	
1	1.25	6	55	40	4	37	38998	0	0	0	0	0	0	0	0	0	0	
1	1.25	6	56	54	4	37	38998	0	0	0	0	0	0	0	0	0	0	
1	1.25	6	57	1	4	37	38998	0	0	0	0	0	0	0	0	0	0	
1	1.25	6	58	2	4	37	38998	0	0	0	0	0	0	0	0	0	0	
1	1.25	6	59	3	4	37	38998	0	0	0	0	0	0	0	0	0	0	
1	1.25	6	60	8	4	37	38998	0	0	0	0	0	0	0	0	0	0	
1	1.25	7	61	7	4	37	38998	22	23188	0.0587301	0.026369	0.017994	0.098648	1054	0	1054	1054	
1	1.25	7	62	6	4	37	38998	12	12648	0.0920335	0.0450628	0.0229931	0.159907	1054	0	1054	1054	
1	1.25	7	63	3	4	37	38998	36	37944	0.013315	0.00324888	0.00599225	0.0186883	1054	0	1054	1054	
1	1.25	7	64	8	4	37	38998	36	37944	0.0100919	0.00302802	0.00399138	0.0161674	1054	0	1054	1054	
1	1.25	7	65	4	4	37	38998	12	12648	0.0901142	0.044669	0.0219905	0.157905	1054	0	1054	1054	
1	1.25	7	66	11	4	37	38998	10	10540	0.105073	0.0510522	0.0299896	0.183556	1054	0	1054	1054	
1	1.25	7	67	12	4	37	38998	10	10540	0.106572	0.051557	0.0309888	0.187555	1054	0	1054	1054	
1	1.25	7	68	5	4	37	38998	10	10540	0.103971	0.0508821	0.0289879	0.181554	1054	0	1054	1054	
1	1.25	7	69	1	4	37	38998	36	37944	0.0101431	0.00292904	0.004987	0.014727	1054	0	1054	1054	
1	1.25	7	70	2	4	37	38998	28	29512	0.0362637	0.0157606	0.00698613	0.0635101	1054	0	1054	1054	
1.25	1.5	1	1	6	4	45	47430	0	0	0	0	0	0	0	0	0	0	
1.25	1.5	1	2	19	4	74	77996	0	0	0	0	0	0	0	0	0	0	
1.25	1.5	1	3	58	4	74	77996	0	0	0	0	0	0	0	0	0	0	
1.25	1.5	1	4	3	4	74	77996	0	0	0	0	0	0	0	0	0	0	
1.25	1.5	1	5	49	4	74	77996	0	0	0	0	0	0	0	0	0	0	
1.25	1.5	1	6	59	4	74	77996	0	0	0	0	0	0	0	0	0	0	
1.25	1.5	1	7	8	4	74	77996	0	0	0	0	0	0	0	0	0	0	
1.25	1.5	1	8	7	4	74	77996	0	0	0	0	0	0	0	0	0	0	
1.25	1.5	1	9	23	4	77	81158	0	0	0	0	0	0	0	0	0	0	
1.25	1.5	1	10	15	4	77	81158	0	0	0	0	0	0	0	0	0	0	
1.25	1.5	2	11	34	4	77	81158	0	0	0	0	0	0	0	0	0	0	
1.25	1.5	2	12	73	4	77	81158	0	0	0	0	0	0	0	0	0	0	
1.25	1.5	2	13	116	4	77	81158	0	0	0	0	0	0	0	0	0	0	
1.25	1.5	2	14	108	4	77	81158	0	0	0	0	0	0	0	0	0	0	
1.25	1.5	2	15	99	4	77	81158	0	0	0	0	0	0	0	0	0	0	
1.25	1.5	2	16	44	4	77	81158	0	0	0	0	0	0	0	0	0	0	
1.25	1.5	2	17	21	4	74	77996	0	0	0	0	0	0	0	0	0	0	
1.25	1.5	2	18	36	4	74	77996	0	0	0	0	0	0	0	0	0	0	
1.25	1.5	2	19	62	4	74	77996	0	0	0	0	0	0	0	0	0	0	
1.25	1.5	2	20	15	4	74	77996	0	0	0	0	0	0	0	0	0	0	
1.25	1.5	3	21	237	4	74	77996	0	0	0	0	0	0	0	0	0	0	
1.25	1.5	3	22	160	4	74	77996	0	0	0	0	0	0	0	0	0	0	
1.25	1.5	3	23	23	4	74	77996	0	0	0	0	0	0	0	0	0	0	
1.25	1.5	3	24	94	4	74	77996	0	0	0	0	0	0	0	0	0	0	
1.25	1.5	3	25	123	4	74	77996	0	0	0	0	0	0	0	0	0	0	
1.25	1.5	3	26	102	4	74	77996	0	0	0	0	0	0	0	0	0	0	
1.25	1.5	3	27	65	4	74	77996	0	0	0	0	0	0	0	0	0	0	
1.25	1.5	3	28	219	4	74	77996	0	0	0	0	0	0	0	0	0	0	
1.25	1.5	3	29	85	4	74	77996	0	0	0	0	0	0	0	0	0	0	
1.25	1.5	3	30	59	4	74	77996	0	0	0	0	0	0	0	0	0	0	
1.25	1.5	4	31	93	4	74	77996	0	0	0	0	0	0	0	0	0	0	
1.25	1.5	4	32	110	4	37	38998	0	0	0	0	0	0	0	0	0	0	
1.25	1.5	4	33	126	4	37	38998	0	0	0	0	0	0	0	0	0	0	
1.25	1.5	4	34	89	4	37	38998	0	0	0	0	0	0	0	0	0	0	
1.25	1.5	4	35	145	4	37	38998	0	0	0	0	0	0	0	0	0	0	
1.25	1.5	4	36	121	4	37	38998	0	0	0	0	0	0	0	0	0	0	
1.25	1.5	4	37	42	4	40	42160	0	0	0	0	0	0	0	0	0	0	
1.25	1.5	4	38	37	4	40	42160	0	0	0	0	0	0	0	0	0	0	
1.25	1.5	4	39	74	4	40	42160	0	0	0	0	0	0	0	0	0	0	
1.25	1.5	4	40	33	4	40	42160	0	0	0	0	0	0	0	0	0	0	
1.25	1.5	5	41	58	4	40	42160	0	0	0	0	0	0	0	0	0	0	
1.25	1.5	5	42	12	4	40	42160	0	0	0	0	0	0	0	0	0	0	
1.25	1.5	5	43	23	4	40	42160	0	0	0	0	0	0	0	0	0	0	
1.25	1.5	5	44	105	4	40	42160	0	0	0	0	0	0	0	0	0	0	
1.25	1.5	5	45	33	4	40	42160	0	0	0	0	0	0	0	0	0	0	
1.25	1.5	5	46	56	4	40	42160	0	0	0	0	0	0	0	0	0	0	
1.25	1.5	5	47	49	4	37	38998	0	0	0	0	0	0	0	0	0	0	
1.25	1.5	5	48	77	4	37	38998	0	0	0	0	0	0	0	0	0	0	
1.25	1.5	5	49	67	4	37	38998	0	0	0	0	0	0	0	0	0	0	
1.25	1.5	5	50	45	4	37	38998	0	0	0	0	0	0	0	0	0	0	
1.25	1.5	6	51	81	4	37	38998	0	0	0	0	0	0	0	0	0	0	
1.25	1.5	6	52	30	4	37	38998	0	0	0	0	0	0	0	0	0	0	
1.25	1.5	6	53	12	4	37	38998	0	0	0	0	0	0	0	0	0	0	
1.25	1.5	6	54	55	4	37	38998	0	0	0	0	0	0	0	0	0	0	
1.25	1.5	6	55	40	4	37	38998	0	0	0	0	0	0	0	0	0	0	
1.25	1.5	6	56	54	4	37	38998	0	0	0	0	0	0	0	0	0	0	
1.25	1.5	6	57	1	4	37	38998	0	0	0	0	0	0	0	0	0	0	
1.25	1.5	6	58	2	4	37	38998	0	0	0	0	0	0	0	0	0	0	
1.25	1.5	6	59	3	4	37	38998	0	0	0	0	0	0	0	0	0	0	
1.25	1.5	6	60	8	4	37	38998	0	0	0	0	0	0	0	0	0	0	
1.25	1.5	7	61	7	4	37	38998	23	24242	0.106185	0.00189508	0.103216	0.108866	1054	0	1054	1054	
1.25	1.5	7	62	6	4	37	38998	13	13702	0.185858	0.00657163	0.177081	0.196909	1054	0	1054	1054	
1.25	1.5	7	63	3	4	37	38998	36	37944	0.0134124	0.00278372	0.00878025	0.0181263	1054	0	1054	1054	
1.25	1.5	7	64	8	4	37	38998	36	37944	0.0108282	0.00280172	0.00625738	0.0159974	1054	0	1054	1054	
1.25	1.5	7	65	4	4	37	38998	13	13702	0.1842	0.00659887	0.174078	0.194037	1054	0	1054	1054	
1.25	1.5	7	66	11	4	37	38998	10	10540	0.227348	0.0124147	0.19573	0.237732	1054	0	1054	1054	
1.25	1.5	7	67	12	4	37	38998	10	10540	0.229065	0.0120373	0.198729	0.240731	1054	0	1054	1054	
1.25	1.5	7	68	5	4	37	38998	11	11594	0.225219	0.0114164	0.194728	0.23473	1054	0	1054	1054	
1.25	1.5	7	69	1	4	37	38998	37	38998	0.0106533	0.00284194	0.005515	0.015339	1054	0	1054	1054	
1.25	1.5	7	70	2	4	37	38998	29	30566	0.0765296	0.00685699	0.0598581	0.0888161	1054	0	1054	1054	
1.5	1.75	1	1	6	4	36	37944	0	0	0	0	0	0	0	0	0	0	
1.5	1.75	1	2	19	4	52	54808	0	0	0	0	0	0	0	0	0	0	
1.5	1.75	1	3	58	4	72	75888	0	0	0	0	0	0	0	0	0	0	
1.5	1.75	1	4	3	4	72	75888	1	1054	0.550518	0	0.550518	0.550518	1054	0	1054	1054	
1.5	1.75	1	5	49	4	72	75888	0	0	0	0	0	0	0	0	0	0	
1.5	1.75	1	6	59	4	72	75888	0	0	0	0	0	0	0	0	0	0	
1.5	1.75	1	7	8	4	72	75888	0	0	0	0	0	0	0	0	0	0	
1.5	1.75	1	8	7	4	72	75888	0	0	0	0	0	0	0	0	0	0	
1.5	1.75	1	9	23	4	74	77996	0	0	0	0	0	0	0	0	0	0	
1.5	1.75	1	10	15	4	74	77996	0	0	0	0	0	0	0	0	0	0	
1.5	1.75	2	11	34	4	74	77996	0	0	0	0	0	0	0	0	0	0	
1.5	1.75	2	12	73	4	74	77996	0	0	0	0	0	0	0	0	0	0	
1.5	1.75	2	13	116	4	74	77996	0	0	0	0	0	0	0	0	0	0	
1.5	1.75	2	14	108	4	74	77996	0	0	0	0	0	0	0	0	0	0	
1.5	1.75	2	15	99	4	74	77996	0	0	0	0	0	0	0	0	0	0	
1.5	1.75	2	16	44	4	74	77996	0	0	0	0	0	0	0	0	0	0	
1.5	1.75	2	17	21	4	72	75888	0	0	0	0	0	0	0	0	0	0	
1.5	1.75	2	18	36	4	72	75888	0	0	0	0	0	0	0	0	0	0	
1.5	1.75	2	19	62	4	72	75888	0	0	0	0	0	0	0	0	0	0	
1.5	1.75	2	20	15	4	72	75888	0	0	0	0	0	0	0	0	0	0	
1.5	1.75	3	21	237	4	72	75888	0	0	0	0	0	0	0	0	0	0	
1.5	1.75	3	22	160	4	72	75888	0	0	0	0	0	0	0	0	0	0	
1.5	1.75	3	23	23	4	72	75888	0	0	0	0	0	0	0	0	0	0	
1.5	1.75	3	24	94	4	72	75888	0	0	0	0	0	0	0	0	0	0	
1.5	1.75	3	25	123	4	72	75888	0	0	0	0	0	0	0	0	0	0	
1.5	1.75	3	26	102	4	72	75888	0	0	0	0	0	0	0	0	0	0	
1.5	1.75	3	27	65	4	72	75888	0	0	0	0	0	0	0	0	0	0	
1.5	1.75	3	28	219	4	72	75888	0	0	0	0	0	0	0	0	0	0	
1.5	1.75	3	29	85	4	72	75888	0	0	0	0	0	0	0	0	0	0	
1.5	1.75	3	30	59	4	72	75888	0	0	0	0	0	0	0	0	0	0	
1.5	1.75	4	31	93	4	72	75888	0	0	0	0	0	0	0	0	0	0	
1.5	1.75	4	32	110	4	36	37944	0	0	0	0	0	0	0	0	0	0	
1.5	1.75	4	33	126	4	36	37944	0	0	0	0	0	0	0	0	0	0	
1.5	1.75	4	34	89	4	36	37944	0	0	0	0	0	0	0	0	0	0	
1.5	1.75	4	35	145	4	36	37944	0	0	0	0	0	0	0	0	0	0	
1.5	1.75	4	36	121	4	36	37944	0	0	0	0	0	0	0	0	0	0	
1.5	1.75	4	37	42	4	38	40052	0	0	0	0	0	0	0	0	0	0	
1.5	1.75	4	38	37	4	38	40052	0	0	0	0	0	0	0	0	0	0	
1.5	1.75	4	39	74	4	38	40052	0	0	0	0	0	0	0	0	0	0	
1.5	1.75	4	40	33	4	38	40052	0	0	0	0	0	0	0	0	0	0	
1.5	1.75	5	41	58	4	38	40052	0	0	0	0	0	0	0	0	0	0	
1.5	1.75	5	42	12	4	38	40052	0	0	0	0	0	0	0	0	0	0	
1.5	1.75	5	43	23	4	38	40052	0	0	0	0	0	0	0	0	0	0	
1.5	1.75	5	44	105	4	38	40052	0	0	0	0	0	0	0	0	0	0	
1.5	1.75	5	45	33	4	38	40052	0	0	0	0	0	0	0	0	0	0	
1.5	1.75	5	46	56	4	38	40052	0	0	0	0	0	0	0	0	0	0	
1.5	1.75	5	47	49	4	36	37944	0	0	0	0	0	0	0	0	0	0	
1.5	1.75	5	48	77	4	36	37944	0	0	0	0	0	0	0	0	0	0	
1.5	1.75	5	49	67	4	36	37944	0	0	0	0	0	0	0	0	0	0	
1.5	1.75	5	50	45	4	36	37944	0	0	0	0	0	0	0	0	0	0	
1.5	1.75	6	51	81	4	36	37944	0	0	0	0	0	0	0	0	0	0	
1.5	1.75	6	52	30	4	36	37944	0	0	0	0	0	0	0	0	0	0	
1.5	1.75	6	53	12	4	36	37944	0	0	0	0	0	0	0	0	0	0	
1.5	1.75	6	54	55	4	36	37944	0	0	0	0	0	0	0	0	0	0	
1.5	1.75	6	55	40	4	36	37944	0	0	0	0	0	0	0	0	0	0	
1.5	1.75	6	56	54	4	36	37944	0	0	0	0	0	0	0	0	0	0	
1.5	1.75	6	57	1	4	36	37944	0	0	0	0	0	0	0	0	0	0	
1.5	1.75	6	58	2	4	36	37944	0	0	0	0	0	0	0	0	0	0	
1.5	1.75	6	59	3	4	36	37944	0	0	0	0	0	0	0	0	0	0	
1.5	1.75	6	60	8	4	36	37944	0	0	0	0	0	0	0	0	0	0	
1.5	1.75	7	61	7	4	36	37944	23	24242	0.105331	0.00208206	0.102174	0.10874	1054	0	1054	1054	
1.5	1.75	7	62	6	4	36	37944	13	13702	0.187397	0.00608328	0.178303	0.195869	1054	0	1054	1054	
1.5	1.75	7	63	3	4	36	37944	37	38998	0.0132198	0.0028906	0.00869625	0.0185203	1054	0	1054	1054	
1.5	1.75	7	64	8	4	36	37944	37	38998	0.0103811	0.00285722	0.00539138	0.0151734	1054	0	1054	1054	
1.5	1.75	7	65	4	4	36	37944	13	13702	0.186545	0.00720527	0.176213	0.195909	1054	0	1054	1054	
1.5	1.75	7	66	11	4	36	37944	11	11594	0.232382	0.0061423	0.223342	0.23969	1054	0	1054	1054	
1.5	1.75	7	67	12	4	36	37944	10	10540	0.231402	0.00562179	0.223691	0.238081	1054	0	1054	1054	
1.5	1.75	7	68	5	4	36	37944	10	10540	0.231771	0.00664761	0.222558	0.238646	1054	0	1054	1054	
1.5	1.75	7	69	1	4	36	37944	36	37944	0.0107618	0.00288741	0.005255	0.015951	1054	0	1054	1054	
1.5	1.75	7	70	2	4	36	37944	29	30566	0.0815207	0.00427236	0.0733401	0.0896461	1054	0	1054	1054	
1.75	2	1	1	6	4	37	38998	2	2108	0.746893	0.0275149	0.727437	0.766349	1054	0	1054	1054	
1.75	2	1	2	19	4	37	38998	0	0	0	0	0	0	0	0	0	0	
1.75	2	1	3	58	4	62	65348	0	0	0	0	0	0	0	0	0	0	
1.75	2	1	4	3	4	74	77996	1	1054	0.843684	0	0.843684	0.843684	1054	0	1054	1054	
1.75	2	1	5	49	4	74	77996	0	0	0	0	0	0	0	0	0	0	
1.75	2	1	6	59	4	74	77996	0	0	0	0	0	0	0	0	0	0	
1.75	2	1	7	8	4	74	77996	0	0	0	0	0	0	0	0	0	0	
1.75	2	1	8	7	4	74	77996	0	0	0	0	0	0	0	0	0	0	
1.75	2	1	9	23	4	77	81158	0	0	0	0	0	0	0	0	0	0	
1.75	2	1	10	15	4	77	81158	0	0	0	0	0	0	0	0	0	0	
1.75	2	2	11	34	4	77	81158	0	0	0	0	0	0	0	0	0	0	
1.75	2	2	12	73	4	77	81158	0	0	0	0	0	0	0	0	0	0	
1.75	2	2	13	116	4	77	81158	0	0	0	0	0	0	0	0	0	0	
1.75	2	2	14	108	4	77	81158	0	0	0	0	0	0	0	0	0	0	
1.75	2	2	15	99	4	77	81158	0	0	0	0	0	0	0	0	0	0	
1.75	2	2	16	44	4	77	81158	0	0	0	0	0	0	0	0	0	0	
1.75	2	2	17	21	4	74	77996	0	0	0	0	0	0	0	0	0	0	
1.75	2	2	18	36	4	74	77996	0	0	0	0	0	0	0	0	0	0	
1.75	2	2	19	62	4	74	77996	0	0	0	0	0	0	0	0	0	0	
1.75	2	2	20	15	4	74	77996	0	0	0	0	0	0	0	0	0	0	
1.75	2	3	21	237	4	74	77996	0	0	0	0	0	0	0	0	0	0	
1.75	2	3	22	160	4	74	77996	0	0	0	0	0	0	0	0	0	0	
1.75	2	3	23	23	4	74	77996	0	0	0	0	0	0	0	0	0	0	
1.75	2	3	24	94	4	74	77996	0	0	0	0	0	0	0	0	0	0	
1.75	2	3	25	123	4	74	77996	0	0	0	0	0	0	0	0	0	0	
1.75	2	3	26	102	4	74	77996	0	0	0	0	0	0	0	0	0	0	
1.75	2	3	27	65	4	74	77996	0	0	0	0	0	0	0	0	0	0	
1.75	2	3	28	219	4	74	77996	0	0	0	0	0	0	0	0	0	0	
1.75	2	3	29	85	4	74	77996	0	0	0	0	0	0	0	0	0	0	
1.75	2	3	30	59	4	74	77996	0	0	0	0	0	0	0	0	0	0	
1.75	2	4	31	93	4	74	77996	0	0	0	0	0	0	0	0	0	0	
1.75	2	4	32	110	4	37	38998	0	0	0	0	0	0	0	0	0	0	
1.75	2	4	33	126	4	37	38998	0	0	0	0	0	0	0	0	0	0	
1.75	2	4	34	89	4	37	38998	0	0	0	0	0	0	0	0	0	0	
1.75	2	4	35	145	4	37	38998	0	0	0	0	0	0	0	0	0	0	
1.75	2	4	36	121	4	37	38998	0	0	0	0	0	0	0	0	0	0	
1.75	2	4	37	42	4	40	42160	0	0	0	0	0	0	0	0	0	0	
1.75	2	4	38	37	4	40	42160	0	0	0	0	0	0	0	0	0	0	
1.75	2	4	39	74	4	40	42160	0	0	0	0	0	0	0	0	0	0	
1.75	2	4	40	33	4	40	42160	0	0	0	0	0	0	0	0	0	0	
1.75	2	5	41	58	4	40	42160	0	0	0	0	0	0	0	0	0	0	
1.75	2	5	42	12	4	40	42160	0	0	0	0	0	0	0	0	0	0	
1.75	2	5	43	23	4	40	42160	0	0	0	0	0	0	0	0	0	0	
1.75	2	5	44	105	4	40	42160	0	0	0	0	0	0	0	0	0	0	
1.75	2	5	45	33	4	40	42160	0	0	0	0	0	0	0	0	0	0	
1.75	2	5	46	56	4	40	42160	0	0	0	0	0	0	0	0	0	0	
1.75	2	5	47	49	4	37	38998	0	0	0	0	0	0	0	0	0	0	
1.75	2	5	48	77	4	37	38998	0	0	0	0	0	0	0	0	0	0	
1.75	2	5	49	67	4	37	38998	0	0	0	0	0	0	0	0	0	0	
1.75	2	5	50	45	4	37	38998	0	0	0	0	0	0	0	0	0	0	
1.75	2	6	51	81	4	37	38998	0	0	0	0	0	0	0	0	0	0	
1.75	2	6	52	30	4	37	38998	0	0	0	0	0	0	0	0	0	0	
1.75	2	6	53	12	4	37	38998	0	0	0	0	0	0	0	0	0	0	
1.75	2	6	54	55	4	37	38998	0	0	0	0	0	0	0	0	0	0	
1.75	2	6	55	40	4	37	38998	0	0	0	0	0	0	0	0	0	0	
1.75	2	6	56	54	4	37	38998	0	0	0	0	0	0	0	0	0	0	
1.75	2	6	57	1	4	37	38998	0	0	0	0	0	0	0	0	0	0	
1.75	2	6	58	2	4	37	38998	0	0	0	0	0	0	0	0	0	0	
1.75	2	6	59	3	4	37	38998	0	0	0	0	0	0	0	0	0	0	
1.75	2	6	60	8	4	37	38998	0	0	0	0	0	0	0	0	0	0	
1.75	2	7	61	7	4	37	38998	23	24242	0.105507	0.0021027	0.102308	0.109092	1054	0	1054	1054	
1.75	2	7	62	6	4	37	38998	13	13702	0.18741	0.00620921	0.178525	0.195829	1054	0	1054	1054	
1.75	2	7	63	3	4	37	38998	37	38998	0.013874	0.00293524	0.00852625	0.0191322	1054	0	1054	1054	
1.75	2	7	64	8	4	37	38998	37	38998	0.0110353	0.0029075	0.00578538	0.0160034	1054	0	1054	1054	
1.75	2	7	65	4	4	37	38998	13	13702	0.186467	0.00575958	0.177957	0.193258	1054	0	1054	1054	
1.75	2	7	66	11	4	37	38998	10	10540	0.23215	0.00580004	0.22365	0.239998	1054	0	1054	1054	
1.75	2	7	67	12	4	37	38998	11	11594	0.233293	0.0052533	0.225649	0.240039	1054	0	1054	1054	
1.75	2	7	68	5	4	37	38998	10	10540	0.233544	0.00498888	0.226734	0.239432	1054	0	1054	1054	
1.75	2	7	69	1	4	37	38998	37	38998	0.0104634	0.00288979	0.005521	0.015085	1054	0	1054	1054	
1.75	2	7	70	2	4	37	38998	29	30566	0.0820801	0.00446751	0.0732561	0.0883861	1054	0	1054	1054	
2	2.25	1	1	6	4	37	38998	2	2108	0.729626	0.00193747	0.728256	0.730996	1054	0	1054	1054	
2	2.25	1	2	19	4	37	38998	0	0	0	0	0	0	0	0	0	0	
2	2.25	1	3	58	4	37	38998	0	0	0	0	0	0	0	0	0	0	
2	2.25	1	4	3	4	70	73780	0	0	0	0	0	0	0	0	0	0	
2	2.25	1	5	49	4	74	77996	0	0	0	0	0	0	0	0	0	0	
2	2.25	1	6	59	4	74	77996	0	0	0	0	0	0	0	0	0	0	
2	2.25	1	7	8	4	74	77996	0	0	0	0	0	0	0	0	0	0	
2	2.25	1	8	7	4	74	77996	0	0	0	0	0	0	0	0	0	0	
2	2.25	1	9	23	4	77	81158	0	0	0	0	0	0	0	0	0	0	
2	2.25	1	10	15	4	77	81158	0	0	0	0	0	0	0	0	0	0	
2	2.25	2	11	34	4	77	81158	0	0	0	0	0	0	0	0	0	0	
2	2.25	2	12	73	4	77	81158	0	0	0	0	0	0	0	0	0	0	
2	2.25	2	13	116	4	77	81158	0	0	0	0	0	0	0	0	0	0	
2	2.25	2	14	108	4	77	81158	0	0	0	0	0	0	0	0	0	0	
2	2.25	2	15	99	4	77	81158	0	0	0	0	0	0	0	0	0	0	
2	2.25	2	16	44	4	77	81158	0	0	0	0	0	0	0	0	0	0	
2	2.25	2	17	21	4	74	77996	0	0	0	0	0	0	0	0	0	0	
2	2.25	2	18	36	4	74	77996	0	0	0	0	0	0	0	0	0	0	
2	2.25	2	19	62	4	74	77996	0	0	0	0	0	0	0	0	0	0	
2	2.25	2	20	15	4	74	77996	0	0	0	0	0	0	0	0	0	0	
2	2.25	3	21	237	4	74	77996	0	0	0	0	0	0	0	0	0	0	
2	2.25	3	22	160	4	74	77996	0	0	0	0	0	0	0	0	0	0	
2	2.25	3	23	23	4	74	77996	0	0	0	0	0	0	0	0	0	0	
2	2.25	3	24	94	4	74	77996	0	0	0	0	0	0	0	0	0	0	
2	2.25	3	25	123	4	74	77996	0	0	0	0	0	0	0	0	0	0	
2	2.25	3	26	102	4	74	77996	0	0	0	0	0	0	0	0	0	0	
2	2.25	3	27	65	4	74	77996	0	0	0	0	0	0	0	0	0	0	
2	2.25	3	28	219	4	74	77996	0	0	0	0	0	0	0	0	0	0	
2	2.25	3	29	85	4	74	77996	0	0	0	0	0	0	0	0	0	0	
2	2.25	3	30	59	4	74	77996	0	0	0	0	0	0	0	0	0	0	
2	2.25	4	31	93	4	74	77996	0	0	0	0	0	0	0	0	0	0	
2	2.25	4	32	110	4	37	38998	0	0	0	0	0	0	0	0	0	0	
2	2.25	4	33	126	4	37	38998	0	0	0	0	0	0	0	0	0	0	
2	2.25	4	34	89	4	37	38998	0	0	0	0	0	0	0	0	0	0	
2	2.25	4	35	145	4	37	38998	0	0	0	0	0	0	0	0	0	0	
2	2.25	4	36	121	4	37	38998	0	0	0	0	0	0	0	0	0	0	
2	2.25	4	37	42	4	40	42160	0	0	0	0	0	0	0	0	0	0	
2	2.25	4	38	37	4	40	42160	0	0	0	0	0	0	0	0	0	0	
2	2.25	4	39	74	4	40	42160	0	0	0	0	0	0	0	0	0	0	
2	2.25	4	40	33	4	40	42160	0	0	0	0	0	0	0	0	0	0	
2	2.25	5	41	58	4	40	42160	0	0	0	0	0	0	0	0	0	0	
2	2.25	5	42	12	4	40	42160	0	0	0	0	0	0	0	0	0	0	
2	2.25	5	43	23	4	40	42160	0	0	0	0	0	0	0	0	0	0	
2	2.25	5	44	105	4	40	42160	0	0	0	0	0	0	0	0	0	0	
2	2.25	5	45	33	4	40	42160	0	0	0	0	0	0	0	0	0	0	
2	2.25	5	46	56	4	40	42160	0	0	0	0	0	0	0	0	0	0	
2	2.25	5	47	49	4	37	38998	0	0	0	0	0	0	0	0	0	0	
2	2.25	5	48	77	4	37	38998	0	0	0	0	0	0	0	0	0	0	
2	2.25	5	49	67	4	37	38998	0	0	0	0	0	0	0	0	0	0	
2	2.25	5	50	45	4	37	38998	0	0	0	0	0	0	0	0	0	0	
2	2.25	6	51	81	4	37	38998	0	0	0	0	0	0	0	0	0	0	
2	2.25	6	52	30	4	37	38998	0	0	0	0	0	0	0	0	0	0	
2	2.25	6	53	12	4	37	38998	0	0	0	0	0	0	0	0	0	0	
2	2.25	6	54	55	4	37	38998	0	0	0	0	0	0	0	0	0	0	
2	2.25	6	55	40	4	37	38998	0	0	0	0	0	0	0	0	0	0	
2	2.25	6	56	54	4	37	38998	0	0	0	0	0	0	0	0	0	0	
2	2.25	6	57	1	4	37	38998	0	0	0	0	0	0	0	0	0	0	
2	2.25	6	58	2	4	37	38998	0	0	0	0	0	0	0	0	0	0	
2	2.25	6	59	3	4	37	38998	0	0	0	0	0	0	0	0	0	0	
2	2.25	6	60	8	4	37	38998	0	0	0	0	0	0	0	0	0	0	
2	2.25	7	61	7	4	37	38998	22	23188	0.105384	0.00231845	0.101484	0.109704	1054	0	1054	1054	
2	2.25	7	62	6	4	37	38998	13	13702	0.187744	0.00549089	0.178005	0.194309	1054	0	1054	1054	
2	2.25	7	63	3	4	37	38998	35	36890	0.0131542	0.00282477	0.00844225	0.0182663	1054	0	1054	1054	
2	2.25	7	64	8	4	37	38998	36	37944	0.0109126	0.0027655	0.00617937	0.0157434	1054	0	1054	1054	
2	2.25	7	65	4	4	37	38998	14	14756	0.187717	0.00633166	0.178309	0.195613	1054	0	1054	1054	
2	2.25	7	66	11	4	37	38998	10	10540	0.23204	0.00685615	0.224176	0.239784	1054	0	1054	1054	
2	2.25	7	67	12	4	37	38998	10	10540	0.231144	0.00568962	0.223999	0.239347	1054	0	1054	1054	
2	2.25	7	68	5	4	37	38998	11	11594	0.23098	0.00570876	0.223392	0.23874	1054	0	1054	1054	
2	2.25	7	69	1	4	37	38998	36	37944	0.0102693	0.00289898	0.004437	0.015479	1054	0	1054	1054	
2	2.25	7	70	2	4	37	38998	30	31620	0.0815153	0.00482251	0.0728261	0.0908701	1054	0	1054	1054	
2.25	2.5	1	1	6	4	36	37944	0	0	0	0	0	0	0	0	0	0	
2.25	2.5	1	2	19	4	36	37944	0	0	0	0	0	0	0	0	0	0	
2.25	2.5	1	3	58	4	36	37944	0	0	0	0	0	0	0	0	0	0	
2.25	2.5	1	4	3	4	36	37944	0	0	0	0	0	0	0	0	0	0	
2.25	2.5	1	5	49	4	72	75888	0	0	0	0	0	0	0	0	0	0	
2.25	2.5	1	6	59	4	72	75888	0	0	0	0	0	0	0	0	0	0	
2.25	2.5	1	7	8	4	72	75888	0	0	0	0	0	0	0	0	0	0	
2.25	2.5	1	8	7	4	72	75888	0	0	0	0	0	0	0	0	0	0	
2.25	2.5	1	9	23	4	74	77996	0	0	0	0	0	0	0	0	0	0	
2.25	2.5	1	10	15	4	74	77996	0	0	0	0	0	0	0	0	0	0	
2.25	2.5	2	11	34	4	74	77996	0	0	0	0	0	0	0	0	0	0	
2.25	2.5	2	12	73	4	74	77996	0	0	0	0	0	0	0	0	0	0	
2.25	2.5	2	13	116	4	74	77996	0	0	0	0	0	0	0	0	0	0	
2.25	2.5	2	14	108	4	74	77996	0	0	0	0	0	0	0	0	0	0	
2.25	2.5	2	15	99	4	74	77996	0	0	0	0	0	0	0	0	0	0	
2.25	2.5	2	16	44	4	74	77996	0	0	0	0	0	0	0	0	0	0	
2.25	2.5	2	17	21	4	72	75888	0	0	0	0	0	0	0	0	0	0	
2.25	2.5	2	18	36	4	72	75888	0	0	0	0	0	0	0	0	0	0	
2.25	2.5	2	19	62	4	72	75888	0	0	0	0	0	0	0	0	0	0	
2.25	2.5	2	20	15	4	72	75888	0	0	0	0	0	0	0	0	0	0	
2.25	2.5	3	21	237	4	72	75888	0	0	0	0	0	0	0	0	0	0	
2.25	2.5	3	22	160	4	72	75888	0	0	0	0	0	0	0	0	0	0	
2.25	2.5	3	23	23	4	72	75888	0	0	0	0	0	0	0	0	0	0	
2.25	2.5	3	24	94	4	72	75888	0	0	0	0	0	0	0	0	0	0	
2.25	2.5	3	25	123	4	72	75888	0	0	0	0	0	0	0	0	0	0	
2.25	2.5	3	26	102	4	72	75888	0	0	0	0	0	0	0	0	0	0	
2.25	2.5	3	27	65	4	72	75888	0	0	0	0	0	0	0	0	0	0	
2.25	2.5	3	28	219	4	72	75888	0	0	0	0	0	0	0	0	0	0	
2.25	2.5	3	29	85	4	72	75888	0	0	0	0	0	0	0	0	0	0	
2.25	2.5	3	30	59	4	72	75888	0	0	0	0	0	0	0	0	0	0	
2.25	2.5	4	31	93	4	72	75888	0	0	0	0	0	0	0	0	0	0	
2.25	2.5	4	32	110	4	36	37944	0	0	0	0	0	0	0	0	0	0	
2.25	2.5	4	33	126	4	36	37944	0	0	0	0	0	0	0	0	0	0	
2.25	2.5	4	34	89	4	36	37944	0	0	0	0	0	0	0	0	0	0	
2.25	2.5	4	35	145	4	36	37944	0	0	0	0	0	0	0	0	0	0	
2.25	2.5	4	36	121	4	36	37944	0	0	0	0	0	0	0	0	0	0	
2.25	2.5	4	37	42	4	38	40052	0	0	0	0	0	0	0	0	0	0	
2.25	2.5	4	38	37	4	38	40052	0	0	0	0	0	0	0	0	0	0	
2.25	2.5	4	39	74	4	38	40052	0	0	0	0	0	0	0	0	0	0	
2.25	2.5	4	40	33	4	38	40052	0	0	0	0	0	0	0	0	0	0	
2.25	2.5	5	41	58	4	38	40052	0	0	0	0	0	0	0	0	0	0	
2.25	2.5	5	42	12	4	38	40052	0	0	0	0	0	0	0	0	0	0	
2.25	2.5	5	43	23	4	38	40052	0	0	0	0	0	0	0	0	0	0	
2.25	2.5	5	44	105	4	38	40052	0	0	0	0	0	0	0	0	0	0	
2.25	2.5	5	45	33	4	38	40052	0	0	0	0	0	0	0	0	0	0	
2.25	2.5	5	46	56	4	38	40052	0	0	0	0	0	0	0	0	0	0	
2.25	2.5	5	47	49	4	36	37944	0	0	0	0	0	0	0	0	0	0	
2.25	2.5	5	48	77	4	36	37944	0	0	0	0	0	0	0	0	0	0	
2.25	2.5	5	49	67	4	36	37944	0	0	0	0	0	0	0	0	0	0	
2.25	2.5	5	50	45	4	36	37944	0	0	0	0	0	0	0	0	0	0	
2.25	2.5	6	51	81	4	36	37944	0	0	0	0	0	0	0	0	0	0	
2.25	2.5	6	52	30	4	36	37944	0	0	0	0	0	0	0	0	0	0	
2.25	2.5	6	53	12	4	36	37944	0	0	0	0	0	0	0	0	0	0	
2.25	2.5	6	54	55	4	36	37944	0	0	0	0	0	0	0	0	0	0	
2.25	2.5	6	55	40	4	36	37944	0	0	0	0	0	0	0	0	0	0	
2.25	2.5	6	56	54	4	36	37944	0	0	0	0	0	0	0	0	0	0	
2.25	2.5	6	57	1	4	36	37944	0	0	0	0	0	0	0	0	0	0	
2.25	2.5	6	58	2	4	36	37944	0	0	0	0	0	0	0	0	0	0	
2.25	2.5	6	59	3	4	36	37944	0	0	0	0	0	0	0	0	0	0	
2.25	2.5	6	60	8	4	36	37944	0	0	0	0	0	0	0	0	0	0	
2.25	2.5	7	61	7	4	36	37944	23	24242	0.105577	0.00217004	0.101836	0.10888	1054	0	1054	1054	
2.25	2.5	7	62	6	4	36	37944	13	13702	0.185861	0.00636199	0.177485	0.194661	1054	0	1054	1054	
2.25	2.5	7	63	3	4	36	37944	37	38998	0.0130237	0.00290338	0.00761825	0.0178363	1054	0	1054	1054	
2.25	2.5	7	64	8	4	36	37944	37	38998	0.0101698	0.00283309	0.00531338	0.0148774	1054	0	1054	1054	
2.25	2.5	7	65	4	4	36	37944	12	12648	0.186828	0.00602712	0.179789	0.194093	1054	0	1054	1054	
2.25	2.5	7	66	11	4	36	37944	11	11594	0.233664	0.0055778	0.223962	0.24031	1054	0	1054	1054	
2.25	2.5	7	67	12	4	36	37944	11	11594	0.232683	0.00575705	0.223785	0.239133	1054	0	1054	1054	
2.25	2.5	7	68	5	4	36	37944	10	10540	0.232385	0.00594134	0.22435	0.239958	1054	0	1054	1054	
2.25	2.5	7	69	1	4	36	37944	37	38998	0.0106248	0.00286183	0.005873	0.015655	1054	0	1054	1054	
2.25	2.5	7	70	2	4	36	37944	29	30566	0.0799052	0.0047473	0.0730021	0.0887861	1054	0	1054	1054	
2.5	2.75	1	1	6	4	37	38998	1	1054	0.810652	0	0.810652	0.810652	1054	0	1054	1054	
2.5	2.75	1	2	19	4	37	38998	0	0	0	0	0	0	0	0	0	0	
2.5	2.75	1	3	58	4	37	38998	0	0	0	0	0	0	0	0	0	0	
2.5	2.75	1	4	3	4	37	38998	0	0	0	0	0	0	0	0	0	0	
2.5	2.75	1	5	49	4	41	43214	0	0	0	0	0	0	0	0	0	0	
2.5	2.75	1	6	59	4	74	77996	0	0	0	0	0	0	0	0	0	0	
2.5	2.75	1	7	8	4	74	77996	0	0	0	0	0	0	0	0	0	0	
2.5	2.75	1	8	7	4	74	77996	0	0	0	0	0	0	0	0	0	0	
2.5	2.75	1	9	23	4	77	81158	0	0	0	0	0	0	0	0	0	0	
2.5	2.75	1	10	15	4	77	81158	0	0	0	0	0	0	0	0	0	0	
2.5	2.75	2	11	34	4	77	81158	0	0	0	0	0	0	0	0	0	0	
2.5	2.75	2	12	73	4	77	81158	0	0	0	0	0	0	0	0	0	0	
2.5	2.75	2	13	116	4	77	81158	0	0	0	0	0	0	0	0	0	0	
2.5	2.75	2	14	108	4	77	81158	0	0	0	0	0	0	0	0	0	0	
2.5	2.75	2	15	99	4	77	81158	0	0	0	0	0	0	0	0	0	0	
2.5	2.75	2	16	44	4	77	81158	0	0	0	0	0	0	0	0	0	0	
2.5	2.75	2	17	21	4	74	77996	0	0	0	0	0	0	0	0	0	0	
2.5	2.75	2	18	36	4	74	77996	0	0	0	0	0	0	0	0	0	0	
2.5	2.75	2	19	62	4	74	77996	0	0	0	0	0	0	0	0	0	0	
2.5	2.75	2	20	15	4	74	77996	0	0	0	0	0	0	0	0	0	0	
2.5	2.75	3	21	237	4	74	77996	0	0	0	0	0	0	0	0	0	0	
2.5	2.75	3	22	160	4	74	77996	0	0	0	0	0	0	0	0	0	0	
2.5	2.75	3	23	23	4	74	77996	0	0	0	0	0	0	0	0	0	0	
2.5	2.75	3	24	94	4	74	77996	0	0	0	0	0	0	0	0	0	0	
2.5	2.75	3	25	123	4	74	77996	0	0	0	0	0	0	0	0	0	0	
2.5	2.75	3	26	102	4	74	77996	0	0	0	0	0	0	0	0	0	0	
2.5	2.75	3	27	65	4	74	77996	0	0	0	0	0	0	0	0	0	0	
2.5	2.75	3	28	219	4	74	77996	0	0	0	0	0	0	0	0	0	0	
2.5	2.75	3	29	85	4	74	77996	0	0	0	0	0	0	0	0	0	0	
2.5	2.75	3	30	59	4	74	77996	0	0	0	0	0	0	0	0	0	0	
2.5	2.75	4	31	93	4	74	77996	0	0	0	0	0	0	0	0	0	0	
2.5	2.75	4	32	110	4	37	38998	0	0	0	0	0	0	0	0	0	0	
2.5	2.75	4	33	126	4	37	38998	0	0	0	0	0	0	0	0	0	0	
2.5	2.75	4	34	89	4	37	38998	0	0	0	0	0	0	0	0	0	0	
2.5	2.75	4	35	145	4	37	38998	0	0	0	0	0	0	0	0	0	0	
2.5	2.75	4	36	121	4	37	38998	0	0	0	0	0	0	0	0	0	0	
2.5	2.75	4	37	42	4	40	42160	0	0	0	0	0	0	0	0	0	0	
2.5	2.75	4	38	37	4	40	42160	0	0	0	0	0	0	0	0	0	0	
2.5	2.75	4	39	74	4	40	42160	0	0	0	0	0	0	0	0	0	0	
2.5	2.75	4	40	33	4	40	42160	0	0	0	0	0	0	0	0	0	0	
2.5	2.75	5	41	58	4	40	42160	0	0	0	0	0	0	0	0	0	0	
2.5	2.75	5	42	12	4	40	42160	0	0	0	0	0	0	0	0	0	0	
2.5	2.75	5	43	23	4	40	42160	0	0	0	0	0	0	0	0	0	0	
2.5	2.75	5	44	105	4	40	42160	0	0	0	0	0	0	0	0	0	0	
2.5	2.75	5	45	33	4	40	42160	0	0	0	0	0	0	0	0	0	0	
2.5	2.75	5	46	56	4	40	42160	0	0	0	0	0	0	0	0	0	0	
2.5	2.75	5	47	49	4	37	38998	0	0	0	0	0	0	0	0	0	0	
2.5	2.75	5	48	77	4	37	38998	0	0	0	0	0	0	0	0	0	0	
2.5	2.75	5	49	67	4	37	38998	0	0	0	0	0	0	0	0	0	0	
2.5	2.75	5	50	45	4	37	38998	0	0	0	0	0	0	0	0	0	0	
2.5	2.75	6	51	81	4	37	38998	0	0	0	0	0	0	0	0	0	0	
2.5	2.75	6	52	30	4	37	38998	0	0	0	0	0	0	0	0	0	0	
2.5	2.75	6	53	12	4	37	38998	0	0	0	0	0	0	0	0	0	0	
2.5	2.75	6	54	55	4	37	38998	0	0	0	0	0	0	0	0	0	0	
2.5	2.75	6	55	40	4	37	38998	0	0	0	0	0	0	0	0	0	0	
2.5	2.75	6	56	54	4	37	38998	0	0	0	0	0	0	0	0	0	0	
2.5	2.75	6	57	1	4	37	38998	0	0	0	0	0	0	0	0	0	0	
2.5	2.75	6	58	2	4	37	38998	0	0	0	0	0	0	0	0	0	0	
2.5	2.75	6	59	3	4	37	38998	0	0	0	0	0	0	0	0	0	0	
2.5	2.75	6	60	8	4	37	38998	0	0	0	0	0	0	0	0	0	0	
2.5	2.75	7	61	7	4	37	38998	23	24242	0.1051	0.00189588	0.10223	0.108796	1054	0	1054	1054	
2.5	2.75	7	62	6	4	37	38998	13	13702	0.187246	0.00649715	0.178317	0.194621	1054	0	1054	1054	
2.5	2.75	7	63	3	4	37	38998	36	37944	0.013247	0.00278787	0.00827225	0.0180123	1054	0	1054	1054	
2.5	2.75	7	64	8	4	37	38998	37	38998	0.0107429	0.002843	0.00592538	0.0154894	1054	0	1054	1054	
2.5	2.75	7	65	4	4	37	38998	13	13702	0.18748	0.00685846	0.178269	0.195965	1054	0	1054	1054	
2.5	2.75	7	66	11	4	37	38998	10	10540	0.231481	0.00552184	0.22327	0.2384	1054	0	1054	1054	
2.5	2.75	7	67	12	4	37	38998	10	10540	0.230585	0.00433451	0.224311	0.238223	1054	0	1054	1054	
2.5	2.75	7	68	5	4	37	38998	10	10540	0.231692	0.00502285	0.225876	0.239266	1054	0	1054	1054	
2.5	2.75	7	69	1	4	37	38998	37	38998	0.0104682	0.00292916	0.005183	0.015225	1054	0	1054	1054	
2.5	2.75	7	70	2	4	37	38998	29	30566	0.0809008	0.00462052	0.0733961	0.0889621	1054	0	1054	1054	
2.75	3	1	1	6	4	36	37944	0	0	0	0	0	0	0	0	0	0	
2.75	3	1	2	19	4	36	37944	0	0	0	0	0	0	0	0	0	0	
2.75	3	1	3	58	4	36	37944	0	0	0	0	0	0	0	0	0	0	
2.75	3	1	4	3	4	36	37944	0	0	0	0	0	0	0	0	0	0	
2.75	3	1	5	49	4	36	37944	0	0	0	0	0	0	0	0	0	0	
2.75	3	1	6	59	4	48	50592	0	0	0	0	0	0	0	0	0	0	
2.75	3	1	7	8	4	72	75888	0	0	0	0	0	0	0	0	0	0	
2.75	3	1	8	7	4	72	75888	0	0	0	0	0	0	0	0	0	0	
2.75	3	1	9	23	4	75	79050	0	0	0	0	0	0	0	0	0	0	
2.75	3	1	10	15	4	75	79050	0	0	0	0	0	0	0	0	0	0	
2.75	3	2	11	34	4	75	79050	0	0	0	0	0	0	0	0	0	0	
2.75	3	2	12	73	4	75	79050	0	0	0	0	0	0	0	0	0	0	
2.75	3	2	13	116	4	75	79050	0	0	0	0	0	0	0	0	0	0	
2.75	3	2	14	108	4	75	79050	0	0	0	0	0	0	0	0	0	0	
2.75	3	2	15	99	4	75	79050	0	0	0	0	0	0	0	0	0	0	
2.75	3	2	16	44	4	75	79050	0	0	0	0	0	0	0	0	0	0	
2.75	3	2	17	21	4	72	75888	0	0	0	0	0	0	0	0	0	0	
2.75	3	2	18	36	4	72	75888	0	0	0	0	0	0	0	0	0	0	
2.75	3	2	19	62	4	72	75888	0	0	0	0	0	0	0	0	0	0	
2.75	3	2	20	15	4	72	75888	0	0	0	0	0	0	0	0	0	0	
2.75	3	3	21	237	4	72	75888	0	0	0	0	0	0	0	0	0	0	
2.75	3	3	22	160	4	72	75888	0	0	0	0	0	0	0	0	0	0	
2.75	3	3	23	23	4	72	75888	0	0	0	0	0	0	0	0	0	0	
2.75	3	3	24	94	4	72	75888	0	0	0	0	0	0	0	0	0	0	
2.75	3	3	25	123	4	72	75888	0	0	0	0	0	0	0	0	0	0	
2.75	3	3	26	102	4	72	75888	0	0	0	0	0	0	0	0	0	0	
2.75	3	3	27	65	4	72	75888	0	0	0	0	0	0	0	0	0	0	
2.75	3	3	28	219	4	72	75888	0	0	0	0	0	0	0	0	0	0	
2.75	3	3	29	85	4	72	75888	0	0	0	0	0	0	0	0	0	0	
2.75	3	3	30	59	4	72	75888	0	0	0	0	0	0	0	0	0	0	
2.75	3	4	31	93	4	72	75888	0	0	0	0	0	0	0	0	0	0	
2.75	3	4	32	110	4	36	37944	0	0	0	0	0	0	0	0	0	0	
2.75	3	4	33	126	4	36	37944	0	0	0	0	0	0	0	0	0	0	
2.75	3	4	34	89	4	36	37944	0	0	0	0	0	0	0	0	0	0	
2.75	3	4	35	145	4	36	37944	0	0	0	0	0	0	0	0	0	0	
2.75	3	4	36	121	4	36	37944	0	0	0	0	0	0	0	0	0	0	
2.75	3	4	37	42	4	39	41106	0	0	0	0	0	0	0	0	0	0	
2.75	3	4	38	37	4	39	41106	0	0	0	0	0	0	0	0	0	0	
2.75	3	4	39	74	4	39	41106	0	0	0	0	0	0	0	0	0	0	
2.75	3	4	40	33	4	39	41106	0	0	0	0	0	0	0	0	0	0	
2.75	3	5	41	58	4	39	41106	0	0	0	0	0	0	0	0	0	0	
2.75	3	5	42	12	4	39	41106	0	0	0	0	0	0	0	0	0	0	
2.75	3	5	43	23	4	39	41106	0	0	0	0	0	0	0	0	0	0	
2.75	3	5	44	105	4	39	41106	0	0	0	0	0	0	0	0	0	0	
2.75	3	5	45	33	4	39	41106	0	0	0	0	0	0	0	0	0	0	
2.75	3	5	46	56	4	39	41106	0	0	0	0	0	0	0	0	0	0	
2.75	3	5	47	49	4	36	37944	0	0	0	0	0	0	0	0	0	0	
2.75	3	5	48	77	4	36	37944	0	0	0	0	0	0	0	0	0	0	
2.75	3	5	49	67	4	36	37944	0	0	0	0	0	0	0	0	0	0	
2.75	3	5	50	45	4	36	37944	0	0	0	0	0	0	0	0	0	0	
2.75	3	6	51	81	4	36	37944	0	0	0	0	0	0	0	0	0	0	
2.75	3	6	52	30	4	36	37944	0	0	0	0	0	0	0	0	0	0	
2.75	3	6	53	12	4	36	37944	0	0	0	0	0	0	0	0	0	0	
2.75	3	6	54	55	4	36	37944	0	0	0	0	0	0	0	0	0	0	
2.75	3	6	55	40	4	36	37944	0	0	0	0	0	0	0	0	0	0	
2.75	3	6	56	54	4	36	37944	0	0	0	0	0	0	0	0	0	0	
2.75	3	6	57	1	4	36	37944	0	0	0	0	0	0	0	0	0	0	
2.75	3	6	58	2	4	36	37944	0	0	0	0	0	0	0	0	0	0	
2.75	3	6	59	3	4	36	37944	0	0	0	0	0	0	0	0	0	0	
2.75	3	6	60	8	4	36	37944	0	0	0	0	0	0	0	0	0	0	
2.75	3	7	61	7	4	36	37944	23	24242	0.105652	0.00198415	0.102018	0.10945	1054	0	1054	1054	
2.75	3	7	62	6	4	36	37944	13	13702	0.185453	0.00571868	0.176277	0.194101	1054	0	1054	1054	
2.75	3	7	63	3	4	36	37944	37	38998	0.0132662	0.00295321	0.00736425	0.0184063	1054	0	1054	1054	
2.75	3	7	64	8	4	36	37944	36	37944	0.0108859	0.00284323	0.00627737	0.0161014	1054	0	1054	1054	
2.75	3	7	65	4	4	36	37944	13	13702	0.185688	0.00679648	0.176229	0.195795	1054	0	1054	1054	
2.75	3	7	66	11	4	36	37944	11	11594	0.232343	0.00474631	0.224488	0.238186	1054	0	1054	1054	
2.75	3	7	67	12	4	36	37944	11	11594	0.233496	0.00538253	0.224619	0.240967	1054	0	1054	1054	
2.75	3	7	68	5	4	36	37944	11	11594	0.232171	0.00592688	0.223226	0.238834	1054	0	1054	1054	
2.75	3	7	69	1	4	36	37944	37	38998	0.0109603	0.00286617	0.006619	0.015837	1054	0	1054	1054	
2.75	3	7	70	2	4	36	37944	29	30566	0.082838	0.0048663	0.0742261	0.0897921	1054	0	1054	1054	
3	3.25	1	1	6	4	37	38998	1	1054	0.791876	0	0.791876	0.791876	1054	0	1054	1054	
3	3.25	1	2	19	4	37	38998	0	0	0	0	0	0	0	0	0	0	
3	3.25	1	3	58	4	37	38998	0	0	0	0	0	0	0	0	0	0	
3	3.25	1	4	3	4	37	38998	2	2108	0.752418	0.0402429	0.723962	0.780874	1054	0	1054	1054	
3	3.25	1	5	49	4	37	38998	0	0	0	0	0	0	0	0	0	0	
3	3.25	1	6	59	4	37	38998	0	0	0	0	0	0	0	0	0	0	
3	3.25	1	7	8	4	58	61132	0	0	0	0	0	0	0	0	0	0	
3	3.25	1	8	7	4	74	77996	0	0	0	0	0	0	0	0	0	0	
3	3.25	1	9	23	4	76	80104	0	0	0	0	0	0	0	0	0	0	
3	3.25	1	10	15	4	76	80104	0	0	0	0	0	0	0	0	0	0	
3	3.25	2	11	34	4	76	80104	0	0	0	0	0	0	0	0	0	0	
3	3.25	2	12	73	4	76	80104	0	0	0	0	0	0	0	0	0	0	
3	3.25	2	13	116	4	76	80104	0	0	0	0	0	0	0	0	0	0	
3	3.25	2	14	108	4	76	80104	0	0	0	0	0	0	0	0	0	0	
3	3.25	2	15	99	4	76	80104	0	0	0	0	0	0	0	0	0	0	
3	3.25	2	16	44	4	76	80104	0	0	0	0	0	0	0	0	0	0	
3	3.25	2	17	21	4	74	77996	0	0	0	0	0	0	0	0	0	0	
3	3.25	2	18	36	4	74	77996	0	0	0	0	0	0	0	0	0	0	
3	3.25	2	19	62	4	74	77996	0	0	0	0	0	0	0	0	0	0	
3	3.25	2	20	15	4	74	77996	0	0	0	0	0	0	0	0	0	0	
3	3.25	3	21	237	4	74	77996	0	0	0	0	0	0	0	0	0	0	
3	3.25	3	22	160	4	74	77996	0	0	0	0	0	0	0	0	0	0	
3	3.25	3	23	23	4	74	77996	0	0	0	0	0	0	0	0	0	0	
3	3.25	3	24	94	4	74	77996	0	0	0	0	0	0	0	0	0	0	
3	3.25	3	25	123	4	74	77996	0	0	0	0	0	0	0	0	0	0	
3	3.25	3	26	102	4	74	77996	0	0	0	0	0	0	0	0	0	0	
3	3.25	3	27	65	4	74	77996	0	0	0	0	0	0	0	0	0	0	
3	3.25	3	28	219	4	74	77996	0	0	0	0	0	0	0	0	0	0	
3	3.25	3	29	85	4	74	77996	0	0	0	0	0	0	0	0	0	0	
3	3.25	3	30	59	4	74	77996	0	0	0	0	0	0	0	0	0	0	
3	3.25	4	31	93	4	74	77996	0	0	0	0	0	0	0	0	0	0	
3	3.25	4	32	110	4	37	38998	0	0	0	0	0	0	0	0	0	0	
3	3.25	4	33	126	4	37	38998	0	0	0	0	0	0	0	0	0	0	
3	3.25	4	34	89	4	37	38998	0	0	0	0	0	0	0	0	0	0	
3	3.25	4	35	145	4	37	38998	0	0	0	0	0	0	0	0	0	0	
3	3.25	4	36	121	4	37	38998	0	0	0	0	0	0	0	0	0	0	
3	3.25	4	37	42	4	39	41106	0	0	0	0	0	0	0	0	0	0	
3	3.25	4	38	37	4	39	41106	0	0	0	0	0	0	0	0	0	0	
3	3.25	4	39	74	4	39	41106	0	0	0	0	0	0	0	0	0	0	
3	3.25	4	40	33	4	39	41106	0	0	0	0	0	0	0	0	0	0	
3	3.25	5	41	58	4	39	41106	0	0	0	0	0	0	0	0	0	0	
3	3.25	5	42	12	4	39	41106	0	0	0	0	0	0	0	0	0	0	
3	3.25	5	43	23	4	39	41106	0	0	0	0	0	0	0	0	0	0	
3	3.25	5	44	105	4	39	41106	0	0	0	0	0	0	0	0	0	0	
3	3.25	5	45	33	4	39	41106	0	0	0	0	0	0	0	0	0	0	
3	3.25	5	46	56	4	39	41106	0	0	0	0	0	0	0	0	0	0	
3	3.25	5	47	49	4	37	38998	0	0	0	0	0	0	0	0	0	0	
3	3.25	5	48	77	4	37	38998	0	0	0	0	0	0	0	0	0	0	
3	3.25	5	49	67	4	37	38998	0	0	0	0	0	0	0	0	0	0	
3	3.25	5	50	45	4	37	38998	0	0	0	0	0	0	0	0	0	0	
3	3.25	6	51	81	4	37	38998	0	0	0	0	0	0	0	0	0	0	
3	3.25	6	52	30	4	37	38998	0	0	0	0	0	0	0	0	0	0	
3	3.25	6	53	12	4	37	38998	0	0	0	0	0	0	0	0	0	0	
3	3.25	6	54	55	4	37	38998	0	0	0	0	0	0	0	0	0	0	
3	3.25	6	55	40	4	37	38998	0	0	0	0	0	0	0	0	0	0	
3	3.25	6	56	54	4	37	38998	0	0	0	0	0	0	0	0	0	0	
3	3.25	6	57	1	4	37	38998	0	0	0	0	0	0	0	0	0	0	
3	3.25	6	58	2	4	37	38998	0	0	0	0	0	0	0	0	0	0	
3	3.25	6	59	3	4	37	38998	0	0	0	0	0	0	0	0	0	0	
3	3.25	6	60	8	4	37	38998	0	0	0	0	0	0	0	0	0	0	
3	3.25	7	61	7	4	37	38998	23	24242	0.105356	0.00212065	0.102194	0.108802	1054	0	1054	1054	
3	3.25	7	62	6	4	37	38998	13	13702	0.187811	0.00675073	0.177149	0.194973	1054	0	1054	1054	
3	3.25	7	63	3	4	37	38998	37	38998	0.0136231	0.00294758	0.00797625	0.0181943	1054	0	1054	1054	
3	3.25	7	64	8	4	37	38998	37	38998	0.0103368	0.00288746	0.00523538	0.0154534	1054	0	1054	1054	
3	3.25	7	65	4	4	37	38998	13	13702	0.186841	0.00647601	0.176581	0.195277	1054	0	1054	1054	
3	3.25	7	66	11	4	37	38998	10	10540	0.230922	0.00551877	0.222578	0.238926	1054	0	1054	1054	
3	3.25	7	67	12	4	37	38998	10	10540	0.231691	0.00581634	0.223927	0.239535	1054	0	1054	1054	
3	3.25	7	68	5	4	37	38998	10	10540	0.232499	0.00596024	0.223752	0.2401	1054	0	1054	1054	
3	3.25	7	69	1	4	37	38998	36	37944	0.0109029	0.0028095	0.006189	0.016013	1054	0	1054	1054	
3	3.25	7	70	2	4	37	38998	30	31620	0.0814904	0.00462873	0.0733181	0.0897081	1054	0	1054	1054	
3.25	3.5	1	1	6	4	37	38998	1	1054	0.774792	0	0.774792	0.774792	1054	0	1054	1054	
3.25	3.5	1	2	19	4	37	38998	0	0	0	0	0	0	0	0	0	0	
3.25	3.5	1	3	58	4	37	38998	0	0	0	0	0	0	0	0	0	0	
3.25	3.5	1	4	3	4	37	38998	1	1054	0.758618	0	0.758618	0.758618	1054	0	1054	1054	
3.25	3.5	1	5	49	4	37	38998	0	0	0	0	0	0	0	0	0	0	
3.25	3.5	1	6	59	4	37	38998	0	0	0	0	0	0	0	0	0	0	
3.25	3.5	1	7	8	4	37	38998	0	0	0	0	0	0	0	0	0	0	
3.25	3.5	1	8	7	4	66	69564	0	0	0	0	0	0	0	0	0	0	
3.25	3.5	1	9	23	4	77	81158	0	0	0	0	0	0	0	0	0	0	
3.25	3.5	1	10	15	4	77	81158	0	0	0	0	0	0	0	0	0	0	
3.25	3.5	2	11	34	4	77	81158	0	0	0	0	0	0	0	0	0	0	
3.25	3.5	2	12	73	4	77	81158	0	0	0	0	0	0	0	0	0	0	
3.25	3.5	2	13	116	4	77	81158	0	0	0	0	0	0	0	0	0	0	
3.25	3.5	2	14	108	4	77	81158	0	0	0	0	0	0	0	0	0	0	
3.25	3.5	2	15	99	4	77	81158	0	0	0	0	0	0	0	0	0	0	
3.25	3.5	2	16	44	4	77	81158	0	0	0	0	0	0	0	0	0	0	
3.25	3.5	2	17	21	4	74	77996	0	0	0	0	0	0	0	0	0	0	
3.25	3.5	2	18	36	4	74	77996	0	0	0	0	0	0	0	0	0	0	
3.25	3.5	2	19	62	4	74	77996	0	0	0	0	0	0	0	0	0	0	
3.25	3.5	2	20	15	4	74	77996	0	0	0	0	0	0	0	0	0	0	
3.25	3.5	3	21	237	4	74	77996	0	0	0	0	0	0	0	0	0	0	
3.25	3.5	3	22	160	4	74	77996	0	0	0	0	0	0	0	0	0	0	
3.25	3.5	3	23	23	4	74	77996	0	0	0	0	0	0	0	0	0	0	
3.25	3.5	3	24	94	4	74	77996	0	0	0	0	0	0	0	0	0	0	
3.25	3.5	3	25	123	4	74	77996	0	0	0	0	0	0	0	0	0	0	
3.25	3.5	3	26	102	4	74	77996	0	0	0	0	0	0	0	0	0	0	
3.25	3.5	3	27	65	4	74	77996	0	0	0	0	0	0	0	0	0	0	
3.25	3.5	3	28	219	4	74	77996	0	0	0	0	0	0	0	0	0	0	
3.25	3.5	3	29	85	4	74	77996	0	0	0	0	0	0	0	0	0	0	
3.25	3.5	3	30	59	4	74	77996	0	0	0	0	0	0	0	0	0	0	
3.25	3.5	4	31	93	4	74	77996	0	0	0	0	0	0	0	0	0	0	
3.25	3.5	4	32	110	4	37	38998	0	0	0	0	0	0	0	0	0	0	
3.25	3.5	4	33	126	4	37	38998	0	0	0	0	0	0	0	0	0	0	
3.25	3.5	4	34	89	4	37	38998	0	0	0	0	0	0	0	0	0	0	
3.25	3.5	4	35	145	4	37	38998	0	0	0	0	0	0	0	0	0	0	
3.25	3.5	4	36	121	4	37	38998	0	0	0	0	0	0	0	0	0	0	
3.25	3.5	4	37	42	4	40	42160	0	0	0	0	0	0	0	0	0	0	
3.25	3.5	4	38	37	4	40	42160	0	0	0	0	0	0	0	0	0	0	
3.25	3.5	4	39	74	4	40	42160	0	0	0	0	0	0	0	0	0	0	
3.25	3.5	4	40	33	4	40	42160	0	0	0	0	0	0	0	0	0	0	
3.25	3.5	5	41	58	4	40	42160	0	0	0	0	0	0	0	0	0	0	
3.25	3.5	5	42	12	4	40	42160	0	0	0	0	0	0	0	0	0	0	
3.25	3.5	5	43	23	4	40	42160	0	0	0	0	0	0	0	0	0	0	
3.25	3.5	5	44	105	4	40	42160	0	0	0	0	0	0	0	0	0	0	
3.25	3.5	5	45	33	4	40	42160	0	0	0	0	0	0	0	0	0	0	
3.25	3.5	5	46	56	4	40	42160	0	0	0	0	0	0	0	0	0	0	
3.25	3.5	5	47	49	4	37	38998	0	0	0	0	0	0	0	0	0	0	
3.25	3.5	5	48	77	4	37	38998	0	0	0	0	0	0	0	0	0	0	
3.25	3.5	5	49	67	4	37	38998	0	0	0	0	0	0	0	0	0	0	
3.25	3.5	5	50	45	4	37	38998	0	0	0	0	0	0	0	0	0	0	
3.25	3.5	6	51	81	4	37	38998	0	0	0	0	0	0	0	0	0	0	
3.25	3.5	6	52	30	4	37	38998	0	0	0	0	0	0	0	0	0	0	
3.25	3.5	6	53	12	4	37	38998	0	0	0	0	0	0	0	0	0	0	
3.25	3.5	6	54	55	4	37	38998	0	0	0	0	0	0	0	0	0	0	
3.25	3.5	6	55	40	4	37	38998	0	0	0	0	0	0	0	0	0	0	
3.25	3.5	6	56	54	4	37	38998	0	0	0	0	0	0	0	0	0	0	
3.25	3.5	6	57	1	4	37	38998	0	0	0	0	0	0	0	0	0	0	
3.25	3.5	6	58	2	4	37	38998	0	0	0	0	0	0	0	0	0	0	
3.25	3.5	6	59	3	4	37	38998	0	0	0	0	0	0	0	0	0	0	
3.25	3.5	6	60	8	4	37	38998	0	0	0	0	0	0	0	0	0	0	
3.25	3.5	7	61	7	4	37	38998	23	24242	0.105488	0.00223213	0.101546	0.109154	1054	0	1054	1054	
3.25	3.5	7	62	6	4	37	38998	12	12648	0.186825	0.00536587	0.179021	0.194195	1054	0	1054	1054	
3.25	3.5	7	63	3	4	37	38998	36	37944	0.013387	0.00278607	0.00858825	0.0181523	1054	0	1054	1054	
3.25	3.5	7	64	8	4	37	38998	37	38998	0.010964	0.00290501	0.00584738	0.0160654	1054	0	1054	1054	
3.25	3.5	7	65	4	4	37	38998	13	13702	0.187149	0.00625512	0.177933	0.195629	1054	0	1054	1054	
3.25	3.5	7	66	11	4	37	38998	11	11594	0.232535	0.00609042	0.224104	0.239712	1054	0	1054	1054	
3.25	3.5	7	67	12	4	37	38998	11	11594	0.232522	0.00498212	0.223713	0.238583	1054	0	1054	1054	
3.25	3.5	7	68	5	4	37	38998	11	11594	0.233513	0.00561325	0.224538	0.239886	1054	0	1054	1054	
3.25	3.5	7	69	1	4	37	38998	37	38998	0.010365	0.00288207	0.005323	0.015147	1054	0	1054	1054	
3.25	3.5	7	70	2	4	37	38998	29	30566	0.080663	0.00448514	0.0727121	0.0888421	1054	0	1054	1054	
3.5	3.75	1	1	6	4	36	37944	0	0	0	0	0	0	0	0	0	0	
3.5	3.75	1	2	19	4	36	37944	0	0	0	0	0	0	0	0	0	0	
3.5	3.75	1	3	58	4	36	37944	0	0	0	0	0	0	0	0	0	0	
3.5	3.75	1	4	3	4	36	37944	0	0	0	0	0	0	0	0	0	0	
3.5	3.75	1	5	49	4	36	37944	0	0	0	0	0	0	0	0	0	0	
3.5	3.75	1	6	59	4	36	37944	0	0	0	0	0	0	0	0	0	0	
3.5	3.75	1	7	8	4	36	37944	0	0	0	0	0	0	0	0	0	0	
3.5	3.75	1	8	7	4	36	37944	0	0	0	0	0	0	0	0	0	0	
3.5	3.75	1	9	23	4	75	79050	0	0	0	0	0	0	0	0	0	0	
3.5	3.75	1	10	15	4	75	79050	0	0	0	0	0	0	0	0	0	0	
3.5	3.75	2	11	34	4	75	79050	0	0	0	0	0	0	0	0	0	0	
3.5	3.75	2	12	73	4	75	79050	0	0	0	0	0	0	0	0	0	0	
3.5	3.75	2	13	116	4	75	79050	0	0	0	0	0	0	0	0	0	0	
3.5	3.75	2	14	108	4	75	79050	0	0	0	0	0	0	0	0	0	0	
3.5	3.75	2	15	99	4	75	79050	0	0	0	0	0	0	0	0	0	0	
3.5	3.75	2	16	44	4	75	79050	0	0	0	0	0	0	0	0	0	0	
3.5	3.75	2	17	21	4	72	75888	0	0	0	0	0	0	0	0	0	0	
3.5	3.75	2	18	36	4	72	75888	0	0	0	0	0	0	0	0	0	0	
3.5	3.75	2	19	62	4	72	75888	0	0	0	0	0	0	0	0	0	0	
3.5	3.75	2	20	15	4	72	75888	0	0	0	0	0	0	0	0	0	0	
3.5	3.75	3	21	237	4	72	75888	0	0	0	0	0	0	0	0	0	0	
3.5	3.75	3	22	160	4	72	75888	0	0	0	0	0	0	0	0	0	0	
3.5	3.75	3	23	23	4	72	75888	0	0	0	0	0	0	0	0	0	0	
3.5	3.75	3	24	94	4	72	75888	0	0	0	0	0	0	0	0	0	0	
3.5	3.75	3	25	123	4	72	75888	0	0	0	0	0	0	0	0	0	0	
3.5	3.75	3	26	102	4	72	75888	0	0	0	0	0	0	0	0	0	0	
3.5	3.75	3	27	65	4	72	75888	0	0	0	0	0	0	0	0	0	0	
3.5	3.75	3	28	219	4	72	75888	0	0	0	0	0	0	0	0	0	0	
3.5	3.75	3	29	85	4	72	75888	0	0	0	0	0	0	0	0	0	0	
3.5	3.75	3	30	59	4	72	75888	0	0	0	0	0	0	0	0	0	0	
3.5	3.75	4	31	93	4	72	75888	0	0	0	0	0	0	0	0	0	0	
3.5	3.75	4	32	110	4	36	37944	0	0	0	0	0	0	0	0	0	0	
3.5	3.75	4	33	126	4	36	37944	0	0	0	0	0	0	0	0	0	0	
3.5	3.75	4	34	89	4	36	37944	0	0	0	0	0	0	0	0	0	0	
3.5	3.75	4	35	145	4	36	37944	0	0	0	0	0	0	0	0	0	0	
3.5	3.75	4	36	121	4	36	37944	0	0	0	0	0	0	0	0	0	0	
3.5	3.75	4	37	42	4	39	41106	0	0	0	0	0	0	0	0	0	0	
3.5	3.75	4	38	37	4	39	41106	0	0	0	0	0	0	0	0	0	0	
3.5	3.75	4	39	74	4	39	41106	0	0	0	0	0	0	0	0	0	0	
3.5	3.75	4	40	33	4	39	41106	0	0	0	0	0	0	0	0	0	0	
3.5	3.75	5	41	58	4	39	41106	0	0	0	0	0	0	0	0	0	0	
3.5	3.75	5	42	12	4	39	41106	0	0	0	0	0	0	0	0	0	0	
3.5	3.75	5	43	23	4	39	41106	0	0	0	0	0	0	0	0	0	0	
3.5	3.75	5	44	105	4	39	41106	0	0	0	0	0	0	0	0	0	0	
3.5	3.75	5	45	33	4	39	41106	0	0	0	0	0	0	0	0	0	0	
3.5	3.75	5	46	56	4	39	41106	0	0	0	0	0	0	0	0	0	0	
3.5	3.75	5	47	49	4	36	37944	0	0	0	0	0	0	0	0	0	0	
3.5	3.75	5	48	77	4	36	37944	0	0	0	0	0	0	0	0	0	0	
3.5	3.75	5	49	67	4	36	37944	0	0	0	0	0	0	0	0	0	0	
3.5	3.75	5	50	45	4	36	37944	0	0	0	0	0	0	0	0	0	0	
3.5	3.75	6	51	81	4	36	37944	0	0	0	0	0	0	0	0	0	0	
3.5	3.75	6	52	30	4	36	37944	0	0	0	0	0	0	0	0	0	0	
3.5	3.75	6	53	12	4	36	37944	0	0	0	0	0	0	0	0	0	0	
3.5	3.75	6	54	55	4	36	37944	0	0	0	0	0	0	0	0	0	0	
3.5	3.75	6	55	40	4	36	37944	0	0	0	0	0	0	0	0	0	0	
3.5	3.75	6	56	54	4	36	37944	0	0	0	0	0	0	0	0	0	0	
3.5	3.75	6	57	1	4	36	37944	0	0	0	0	0	0	0	0	0	0	
3.5	3.75	6	58	2	4	36	37944	0	0	0	0	0	0	0	0	0	0	
3.5	3.75	6	59	3	4	36	37944	0	0	0	0	0	0	0	0	0	0	
3.5	3.75	6	60	8	4	36	37944	0	0	0	0	0	0	0	0	0	0	
3.5	3.75	7	61	7	4	36	37944	23	24242	0.105901	0.00206525	0.102764	0.109766	1054	0	1054	1054	
3.5	3.75	7	62	6	4	36	37944	13	13702	0.187342	0.00639624	0.178501	0.195677	1054	0	1054	1054	
3.5	3.75	7	63	3	4	36	37944	37	38998	0.0130278	0.00286163	0.00772225	0.0183283	1054	0	1054	1054	
3.5	3.75	7	64	8	4	36	37944	36	37944	0.0100815	0.00279964	0.00502338	0.0147634	1054	0	1054	1054	
3.5	3.75	7	65	4	4	36	37944	13	13702	0.186252	0.00594647	0.177283	0.193979	1054	0	1054	1054	
3.5	3.75	7	66	11	4	36	37944	10	10540	0.231829	0.00574635	0.22389	0.23976	1054	0	1054	1054	
3.5	3.75	7	67	12	4	36	37944	10	10540	0.231715	0.00474206	0.224453	0.237151	1054	0	1054	1054	
3.5	3.75	7	68	5	4	36	37944	10	10540	0.231057	0.0053123	0.223846	0.237236	1054	0	1054	1054	
3.5	3.75	7	69	1	4	36	37944	37	38998	0.0102084	0.00284702	0.005499	0.014717	1054	0	1054	1054	
3.5	3.75	7	70	2	4	36	37944	29	30566	0.0816932	0.00461018	0.0728881	0.0899321	1054	0	1054	1054	
3.75	4	1	1	6	4	37	38998	0	0	0	0	0	0	0	0	0	0	
3.75	4	1	2	19	4	37	38998	0	0	0	0	0	0	0	0	0	0	
3.75	4	1	3	58	4	37	38998	0	0	0	0	0	0	0	0	0	0	
3.75	4	1	4	3	4	37	38998	0	0	0	0	0	0	0	0	0	0	
3.75	4	1	5	49	4	37	38998	0	0	0	0	0	0	0	0	0	0	
3.75	4	1	6	59	4	37	38998	0	0	0	0	0	0	0	0	0	0	
3.75	4	1	7	8	4	37	38998	0	0	0	0	0	0	0	0	0	0	
3.75	4	1	8	7	4	37	38998	0	0	0	0	0	0	0	0	0	0	
3.75	4	1	9	23	4	39	41106	0	0	0	0	0	0	0	0	0	0	
3.75	4	1	10	15	4	76	80104	0	0	0	0	0	0	0	0	0	0	
3.75	4	2	11	34	4	76	80104	0	0	0	0	0	0	0	0	0	0	
3.75	4	2	12	73	4	76	80104	0	0	0	0	0	0	0	0	0	0	
3.75	4	2	13	116	4	76	80104	0	0	0	0	0	0	0	0	0	0	
3.75	4	2	14	108	4	76	80104	0	0	0	0	0	0	0	0	0	0	
3.75	4	2	15	99	4	76	80104	0	0	0	0	0	0	0	0	0	0	
3.75	4	2	16	44	4	76	80104	0	0	0	0	0	0	0	0	0	0	
3.75	4	2	17	21	4	74	77996	0	0	0	0	0	0	0	0	0	0	
3.75	4	2	18	36	4	74	77996	0	0	0	0	0	0	0	0	0	0	
3.75	4	2	19	62	4	74	77996	0	0	0	0	0	0	0	0	0	0	
3.75	4	2	20	15	4	74	77996	0	0	0	0	0	0	0	0	0	0	
3.75	4	3	21	237	4	74	77996	0	0	0	0	0	0	0	0	0	0	
3.75	4	3	22	160	4	74	77996	0	0	0	0	0	0	0	0	0	0	
3.75	4	3	23	23	4	74	77996	0	0	0	0	0	0	0	0	0	0	
3.75	4	3	24	94	4	74	77996	0	0	0	0	0	0	0	0	0	0	
3.75	4	3	25	123	4	74	77996	0	0	0	0	0	0	0	0	0	0	
3.75	4	3	26	102	4	74	77996	0	0	0	0	0	0	0	0	0	0	
3.75	4	3	27	65	4	74	77996	0	0	0	0	0	0	0	0	0	0	
3.75	4	3	28	219	4	74	77996	0	0	0	0	0	0	0	0	0	0	
3.75	4	3	29	85	4	74	77996	0	0	0	0	0	0	0	0	0	0	
3.75	4	3	30	59	4	74	77996	0	0	0	0	0	0	0	0	0	0	
3.75	4	4	31	93	4	74	77996	0	0	0	0	0	0	0	0	0	0	
3.75	4	4	32	110	4	37	38998	0	0	0	0	0	0	0	0	0	0	
3.75	4	4	33	126	4	37	38998	0	0	0	0	0	0	0	0	0	0	
3.75	4	4	34	89	4	37	38998	0	0	0	0	0	0	0	0	0	0	
3.75	4	4	35	145	4	37	38998	0	0	0	0	0	0	0	0	0	0	
3.75	4	4	36	121	4	37	38998	0	0	0	0	0	0	0	0	0	0	
3.75	4	4	37	42	4	39	41106	0	0	0	0	0	0	0	0	0	0	
3.75	4	4	38	37	4	39	41106	0	0	0	0	0	0	0	0	0	0	
3.75	4	4	39	74	4	39	41106	0	0	0	0	0	0	0	0	0	0	
3.75	4	4	40	33	4	39	41106	0	0	0	0	0	0	0	0	0	0	
3.75	4	5	41	58	4	39	41106	0	0	0	0	0	0	0	0	0	0	
3.75	4	5	42	12	4	39	41106	0	0	0	0	0	0	0	0	0	0	
3.75	4	5	43	23	4	39	41106	0	0	0	0	0	0	0	0	0	0	
3.75	4	5	44	105	4	39	41106	0	0	0	0	0	0	0	0	0	0	
3.75	4	5	45	33	4	39	41106	0	0	0	0	0	0	0	0	0	0	
3.75	4	5	46	56	4	39	41106	0	0	0	0	0	0	0	0	0	0	
3.75	4	5	47	49	4	37	38998	0	0	0	0	0	0	0	0	0	0	
3.75	4	5	48	77	4	37	38998	0	0	0	0	0	0	0	0	0	0	
3.75	4	5	49	67	4	37	38998	0	0	0	0	0	0	0	0	0	0	
3.75	4	5	50	45	4	37	38998	0	0	0	0	0	0	0	0	0	0	
3.75	4	6	51	81	4	37	38998	0	0	0	0	0	0	0	0	0	0	
3.75	4	6	52	30	4	37	38998	0	0	0	0	0	0	0	0	0	0	
3.75	4	6	53	12	4	37	38998	0	0	0	0	0	0	0	0	0	0	
3.75	4	6	54	55	4	37	38998	0	0	0	0	0	0	0	0	0	0	
3.75	4	6	55	40	4	37	38998	0	0	0	0	0	0	0	0	0	0	
3.75	4	6	56	54	4	37	38998	0	0	0	0	0	0	0	0	0	0	
3.75	4	6	57	1	4	37	38998	0	0	0	0	0	0	0	0	0	0	
3.75	4	6	58	2	4	37	38998	0	0	0	0	0	0	0	0	0	0	
3.75	4	6	59	3	4	37	38998	0	0	0	0	0	0	0	0	0	0	
3.75	4	6	60	8	4	37	38998	0	0	0	0	0	0	0	0	0	0	
3.75	4	7	61	7	4	37	38998	23	24242	0.10599	0.0020739	0.10277	0.108942	1054	0	1054	1054	
3.75	4	7	62	6	4	37	38998	14	14756	0.187235	0.00629732	0.178333	0.195027	1054	0	1054	1054	
3.75	4	7	63	3	4	37	38998	37	38998	0.0135739	0.00291936	0.00833425	0.0191163	1054	0	1054	1054	
3.75	4	7	64	8	4	37	38998	37	38998	0.0104768	0.00285542	0.00563538	0.0153754	1054	0	1054	1054	
3.75	4	7	65	4	4	37	38998	13	13702	0.186637	0.00589087	0.179285	0.195851	1054	0	1054	1054	
3.75	4	7	66	11	4	37	38998	11	11594	0.232181	0.00484255	0.224198	0.238328	1054	0	1054	1054	
3.75	4	7	67	12	4	37	38998	10	10540	0.23224	0.00530658	0.225239	0.239369	1054	0	1054	1054	
3.75	4	7	68	5	4	37	38998	11	11594	0.232994	0.00518193	0.225064	0.239194	1054	0	1054	1054	
3.75	4	7	69	1	4	37	38998	35	36890	0.0107813	0.00287234	0.006153	0.016111	1054	0	1054	1054	
3.75	4	7	70	2	4	37	38998	30	31620	0.0812768	0.00502532	0.0730641	0.0888481	1054	0	1054	1054	
4	4.25	1	1	6	4	37	38998	0	0	0	0	0	0	0	0	0	0	
4	4.25	1	2	19	4	37	38998	0	0	0	0	0	0	0	0	0	0	
4	4.25	1	3	58	4	37	38998	0	0	0	0	0	0	0	0	0	0	
4	4.25	1	4	3	4	37	38998	0	0	0	0	0	0	0	0	0	0	
4	4.25	1	5	49	4	37	38998	0	0	0	0	0	0	0	0	0	0	
4	4.25	1	6	59	4	37	38998	0	0	0	0	0	0	0	0	0	0	
4	4.25	1	7	8	4	37	38998	0	0	0	0	0	0	0	0	0	0	
4	4.25	1	8	7	4	37	38998	0	0	0	0	0	0	0	0	0	0	
4	4.25	1	9	23	4	40	42160	0	0	0	0	0	0	0	0	0	0	
4	4.25	1	10	15	4	47	49538	0	0	0	0	0	0	0	0	0	0	
4	4.25	2	11	34	4	77	81158	0	0	0	0	0	0	0	0	0	0	
4	4.25	2	12	73	4	77	81158	0	0	0	0	0	0	0	0	0	0	
4	4.25	2	13	116	4	77	81158	0	0	0	0	0	0	0	0	0	0	
4	4.25	2	14	108	4	77	81158	0	0	0	0	0	0	0	0	0	0	
4	4.25	2	15	99	4	77	81158	0	0	0	0	0	0	0	0	0	0	
4	4.25	2	16	44	4	77	81158	0	0	0	0	0	0	0	0	0	0	
4	4.25	2	17	21	4	74	77996	0	0	0	0	0	0	0	0	0	0	
4	4.25	2	18	36	4	74	77996	0	0	0	0	0	0	0	0	0	0	
4	4.25	2	19	62	4	74	77996	0	0	0	0	0	0	0	0	0	0	
4	4.25	2	20	15	4	74	77996	0	0	0	0	0	0	0	0	0	0	
4	4.25	3	21	237	4	74	77996	0	0	0	0	0	0	0	0	0	0	
4	4.25	3	22	160	4	74	77996	0	0	0	0	0	0	0	0	0	0	
4	4.25	3	23	23	4	74	77996	0	0	0	0	0	0	0	0	0	0	
4	4.25	3	24	94	4	74	77996	0	0	0	0	0	0	0	0	0	0	
4	4.25	3	25	123	4	74	77996	0	0	0	0	0	0	0	0	0	0	
4	4.25	3	26	102	4	74	77996	0	0	0	0	0	0	0	0	0	0	
4	4.25	3	27	65	4	74	77996	0	0	0	0	0	0	0	0	0	0	
4	4.25	3	28	219	4	74	77996	0	0	0	0	0	0	0	0	0	0	
4	4.25	3	29	85	4	74	77996	0	0	0	0	0	0	0	0	0	0	
4	4.25	3	30	59	4	74	77996	0	0	0	0	0	0	0	0	0	0	
4	4.25	4	31	93	4	74	77996	0	0	0	0	0	0	0	0	0	0	
4	4.25	4	32	110	4	37	38998	0	0	0	0	0	0	0	0	0	0	
4	4.25	4	33	126	4	37	38998	0	0	0	0	0	0	0	0	0	0	
4	4.25	4	34	89	4	37	38998	0	0	0	0	0	0	0	0	0	0	
4	4.25	4	35	145	4	37	38998	0	0	0	0	0	0	0	0	0	0	
4	4.25	4	36	121	4	37	38998	0	0	0	0	0	0	0	0	0	0	
4	4.25	4	37	42	4	40	42160	0	0	0	0	0	0	0	0	0	0	
4	4.25	4	38	37	4	40	42160	0	0	0	0	0	0	0	0	0	0	
4	4.25	4	39	74	4	40	42160	0	0	0	0	0	0	0	0	0	0	
4	4.25	4	40	33	4	40	42160	0	0	0	0	0	0	0	0	0	0	
4	4.25	5	41	58	4	40	42160	0	0	0	0	0	0	0	0	0	0	
4	4.25	5	42	12	4	40	42160	0	0	0	0	0	0	0	0	0	0	
4	4.25	5	43	23	4	40	42160	0	0	0	0	0	0	0	0	0	0	
4	4.25	5	44	105	4	40	42160	0	0	0	0	0	0	0	0	0	0	
4	4.25	5	45	33	4	40	42160	0	0	0	0	0	0	0	0	0	0	
4	4.25	5	46	56	4	40	42160	0	0	0	0	0	0	0	0	0	0	
4	4.25	5	47	49	4	37	38998	0	0	0	0	0	0	0	0	0	0	
4	4.25	5	48	77	4	37	38998	0	0	0	0	0	0	0	0	0	0	
4	4.25	5	49	67	4	37	38998	0	0	0	0	0	0	0	0	0	0	
4	4.25	5	50	45	4	37	38998	0	0	0	0	0	0	0	0	0	0	
4	4.25	6	51	81	4	37	38998	0	0	0	0	0	0	0	0	0	0	
4	4.25	6	52	30	4	37	38998	0	0	0	0	0	0	0	0	0	0	
4	4.25	6	53	12	4	37	38998	0	0	0	0	0	0	0	0	0	0	
4	4.25	6	54	55	4	37	38998	0	0	0	0	0	0	0	0	0	0	
4	4.25	6	55	40	4	37	38998	0	0	0	0	0	0	0	0	0	0	
4	4.25	6	56	54	4	37	38998	0	0	0	0	0	0	0	0	0	0	
4	4.25	6	57	1	4	37	38998	0	0	0	0	0	0	0	0	0	0	
4	4.25	6	58	2	4	37	38998	0	0	0	0	0	0	0	0	0	0	
4	4.25	6	59	3	4	37	38998	0	0	0	0	0	0	0	0	0	0	
4	4.25	6	60	8	4	37	38998	0	0	0	0	0	0	0	0	0	0	
4	4.25	7	61	7	4	37	38998	23	24242	0.10531	0.00189385	0.101468	0.108076	1054	0	1054	1054	
4	4.25	7	62	6	4	37	38998	13	13702	0.185827	0.00528786	0.177293	0.193987	1054	0	1054	1054	
4	4.25	7	63	3	4	37	38998	37	38998	0.0135525	0.00288424	0.00846825	0.0182922	1054	0	1054	1054	
4	4.25	7	64	8	4	37	38998	37	38998	0.0112121	0.00284918	0.00642338	0.0159874	1054	0	1054	1054	
4	4.25	7	65	4	4	37	38998	13	13702	0.186061	0.00604603	0.177115	0.194811	1054	0	1054	1054	
4	4.25	7	66	11	4	37	38998	10	10540	0.233318	0.00551678	0.224724	0.238854	1054	0	1054	1054	
4	4.25	7	67	12	4	37	38998	11	11594	0.2335	0.00581979	0.223547	0.240417	1054	0	1054	1054	
4	4.25	7	68	5	4	37	38998	10	10540	0.231481	0.00374469	0.224372	0.236852	1054	0	1054	1054	
4	4.25	7	69	1	4	37	38998	36	37944	0.0106051	0.00282688	0.006245	0.015287	1054	0	1054	1054	
4	4.25	7	70	2	4	37	38998	29	30566	0.0812243	0.00462204	0.0736341	0.0906781	1054	0	1054	1054	
4.25	4.5	1	1	6	4	36	37944	0	0	0	0	0	0	0	0	0	0	
4.25	4.5	1	2	19	4	36	37944	0	0	0	0	0	0	0	0	0	0	
4.25	4.5	1	3	58	4	36	37944	0	0	0	0	0	0	0	0	0	0	
4.25	4.5	1	4	3	4	36	37944	0	0	0	0	0	0	0	0	0	0	
4.25	4.5	1	5	49	4	36	37944	0	0	0	0	0	0	0	0	0	0	
4.25	4.5	1	6	59	4	36	37944	0	0	0	0	0	0	0	0	0	0	
4.25	4.5	1	7	8	4	36	37944	0	0	0	0	0	0	0	0	0	0	
4.25	4.5	1	8	7	4	36	37944	0	0	0	0	0	0	0	0	0	0	
4.25	4.5	1	9	23	4	39	41106	0	0	0	0	0	0	0	0	0	0	
4.25	4.5	1	10	15	4	39	41106	0	0	0	0	0	0	0	0	0	0	
4.25	4.5	2	11	34	4	54	56916	0	0	0	0	0	0	0	0	0	0	
4.25	4.5	2	12	73	4	75	79050	0	0	0	0	0	0	0	0	0	0	
4.25	4.5	2	13	116	4	75	79050	0	0	0	0	0	0	0	0	0	0	
4.25	4.5	2	14	108	4	75	79050	0	0	0	0	0	0	0	0	0	0	
4.25	4.5	2	15	99	4	75	79050	0	0	0	0	0	0	0	0	0	0	
4.25	4.5	2	16	44	4	75	79050	0	0	0	0	0	0	0	0	0	0	
4.25	4.5	2	17	21	4	72	75888	0	0	0	0	0	0	0	0	0	0	
4.25	4.5	2	18	36	4	72	75888	0	0	0	0	0	0	0	0	0	0	
4.25	4.5	2	19	62	4	72	75888	0	0	0	0	0	0	0	0	0	0	
4.25	4.5	2	20	15	4	72	75888	0	0	0	0	0	0	0	0	0	0	
4.25	4.5	3	21	237	4	72	75888	0	0	0	0	0	0	0	0	0	0	
4.25	4.5	3	22	160	4	72	75888	0	0	0	0	0	0	0	0	0	0	
4.25	4.5	3	23	23	4	72	75888	0	0	0	0	0	0	0	0	0	0	
4.25	4.5	3	24	94	4	72	75888	0	0	0	0	0	0	0	0	0	0	
4.25	4.5	3	25	123	4	72	75888	0	0	0	0	0	0	0	0	0	0	
4.25	4.5	3	26	102	4	72	75888	0	0	0	0	0	0	0	0	0	0	
4.25	4.5	3	27	65	4	72	75888	0	0	0	0	0	0	0	0	0	0	
4.25	4.5	3	28	219	4	72	75888	0	0	0	0	0	0	0	0	0	0	
4.25	4.5	3	29	85	4	72	75888	0	0	0	0	0	0	0	0	0	0	
4.25	4.5	3	30	59	4	72	75888	0	0	0	0	0	0	0	0	0	0	
4.25	4.5	4	31	93	4	72	75888	0	0	0	0	0	0	0	0	0	0	
4.25	4.5	4	32	110	4	36	37944	0	0	0	0	0	0	0	0	0	0	
4.25	4.5	4	33	126	4	36	37944	0	0	0	0	0	0	0	0	0	0	
4.25	4.5	4	34	89	4	36	37944	0	0	0	0	0	0	0	0	0	0	
4.25	4.5	4	35	145	4	36	37944	0	0	0	0	0	0	0	0	0	0	
4.25	4.5	4	36	121	4	36	37944	0	0	0	0	0	0	0	0	0	0	
4.25	4.5	4	37	42	4	39	41106	0	0	0	0	0	0	0	0	0	0	
4.25	4.5	4	38	37	4	39	41106	0	0	0	0	0	0	0	0	0	0	
4.25	4.5	4	39	74	4	39	41106	0	0	0	0	0	0	0	0	0	0	
4.25	4.5	4	40	33	4	39	41106	0	0	0	0	0	0	0	0	0	0	
4.25	4.5	5	41	58	4	39	41106	0	0	0	0	0	0	0	0	0	0	
4.25	4.5	5	42	12	4	39	41106	0	0	0	0	0	0	0	0	0	0	
4.25	4.5	5	43	23	4	39	41106	0	0	0	0	0	0	0	0	0	0	
4.25	4.5	5	44	105	4	39	41106	0	0	0	0	0	0	0	0	0	0	
4.25	4.5	5	45	33	4	39	41106	0	0	0	0	0	0	0	0	0	0	
4.25	4.5	5	46	56	4	39	41106	0	0	0	0	0	0	0	0	0	0	
4.25	4.5	5	47	49	4	36	37944	0	0	0	0	0	0	0	0	0	0	
4.25	4.5	5	48	77	4	36	37944	0	0	0	0	0	0	0	0	0	0	
4.25	4.5	5	49	67	4	36	37944	0	0	0	0	0	0	0	0	0	0	
4.25	4.5	5	50	45	4	36	37944	0	0	0	0	0	0	0	0	0	0	
4.25	4.5	6	51	81	4	36	37944	0	0	0	0	0	0	0	0	0	0	
4.25	4.5	6	52	30	4	36	37944	0	0	0	0	0	0	0	0	0	0	
4.25	4.5	6	53	12	4	36	37944	0	0	0	0	0	0	0	0	0	0	
4.25	4.5	6	54	55	4	36	37944	0	0	0	0	0	0	0	0	0	0	
4.25	4.5	6	55	40	4	36	37944	0	0	0	0	0	0	0	0	0	0	
4.25	4.5	6	56	54	4	36	37944	0	0	0	0	0	0	0	0	0	0	
4.25	4.5	6	57	1	4	36	37944	0	0	0	0	0	0	0	0	0	0	
4.25	4.5	6	58	2	4	36	37944	0	0	0	0	0	0	0	0	0	0	
4.25	4.5	6	59	3	4	36	37944	0	0	0	0	0	0	0	0	0	0	
4.25	4.5	6	60	8	4	36	37944	0	0	0	0	0	0	0	0	0	0	
4.25	4.5	7	61	7	4	36	37944	23	24242	0.104667	0.00290531	0.095036	0.108428	1054	0	1054	1054	
4.25	4.5	7	62	6	4	36	37944	13	13702	0.18689	0.00636631	0.178165	0.195859	1054	0	1054	1054	
4.25	4.5	7	63	3	4	36	37944	36	37944	0.0130484	0.00286114	0.00742625	0.0176443	1054	0	1054	1054	
4.25	4.5	7	64	8	4	36	37944	36	37944	0.0106937	0.00282595	0.00555738	0.0161634	1054	0	1054	1054	
4.25	4.5	7	65	4	4	36	37944	13	13702	0.185998	0.00608652	0.177466	0.194291	1054	0	1054	1054	
4.25	4.5	7	66	11	4	36	37944	10	10540	0.233425	0.00353726	0.226682	0.237422	1054	0	1054	1054	
4.25	4.5	7	67	12	4	36	37944	10	10540	0.233511	0.00607703	0.224855	0.239943	1054	0	1054	1054	
4.25	4.5	7	68	5	4	36	37944	11	11594	0.232973	0.00565707	0.22268	0.239288	1054	0	1054	1054	
4.25	4.5	7	69	1	4	36	37944	37	38998	0.0106491	0.00285507	0.005857	0.015639	1054	0	1054	1054	
4.25	4.5	7	70	2	4	36	37944	29	30566	0.0812035	0.00516279	0.0728101	0.0908541	1054	0	1054	1054	
4.5	4.75	1	1	6	4	37	38998	2	2108	0.78007	0.035477	0.754984	0.805156	1054	0	1054	1054	
4.5	4.75	1	2	19	4	37	38998	0	0	0	0	0	0	0	0	0	0	
4.5	4.75	1	3	58	4	37	38998	0	0	0	0	0	0	0	0	0	0	
4.5	4.75	1	4	3	4	37	38998	0	0	0	0	0	0	0	0	0	0	
4.5	4.75	1	5	49	4	37	38998	0	0	0	0	0	0	0	0	0	0	
4.5	4.75	1	6	59	4	37	38998	0	0	0	0	0	0	0	0	0	0	
4.5	4.75	1	7	8	4	37	38998	0	0	0	0	0	0	0	0	0	0	
4.5	4.75	1	8	7	4	37	38998	0	0	0	0	0	0	0	0	0	0	
4.5	4.75	1	9	23	4	39	41106	0	0	0	0	0	0	0	0	0	0	
4.5	4.75	1	10	15	4	39	41106	0	0	0	0	0	0	0	0	0	0	
4.5	4.75	2	11	34	4	39	41106	0	0	0	0	0	0	0	0	0	0	
4.5	4.75	2	12	73	4	63	66402	0	0	0	0	0	0	0	0	0	0	
4.5	4.75	2	13	116	4	76	80104	0	0	0	0	0	0	0	0	0	0	
4.5	4.75	2	14	108	4	76	80104	0	0	0	0	0	0	0	0	0	0	
4.5	4.75	2	15	99	4	76	80104	0	0	0	0	0	0	0	0	0	0	
4.5	4.75	2	16	44	4	76	80104	0	0	0	0	0	0	0	0	0	0	
4.5	4.75	2	17	21	4	74	77996	0	0	0	0	0	0	0	0	0	0	
4.5	4.75	2	18	36	4	74	77996	0	0	0	0	0	0	0	0	0	0	
4.5	4.75	2	19	62	4	74	77996	0	0	0	0	0	0	0	0	0	0	
4.5	4.75	2	20	15	4	74	77996	0	0	0	0	0	0	0	0	0	0	
4.5	4.75	3	21	237	4	74	77996	0	0	0	0	0	0	0	0	0	0	
4.5	4.75	3	22	160	4	74	77996	0	0	0	0	0	0	0	0	0	0	
4.5	4.75	3	23	23	4	74	77996	0	0	0	0	0	0	0	0	0	0	
4.5	4.75	3	24	94	4	74	77996	0	0	0	0	0	0	0	0	0	0	
4.5	4.75	3	25	123	4	74	77996	0	0	0	0	0	0	0	0	0	0	
4.5	4.75	3	26	102	4	74	77996	0	0	0	0	0	0	0	0	0	0	
4.5	4.75	3	27	65	4	74	77996	0	0	0	0	0	0	0	0	0	0	
4.5	4.75	3	28	219	4	74	77996	0	0	0	0	0	0	0	0	0	0	
4.5	4.75	3	29	85	4	74	77996	0	0	0	0	0	0	0	0	0	0	
4.5	4.75	3	30	59	4	74	77996	0	0	0	0	0	0	0	0	0	0	
4.5	4.75	4	31	93	4	74	77996	0	0	0	0	0	0	0	0	0	0	
4.5	4.75	4	32	110	4	37	38998	0	0	0	0	0	0	0	0	0	0	
4.5	4.75	4	33	126	4	37	38998	0	0	0	0	0	0	0	0	0	0	
4.5	4.75	4	34	89	4	37	38998	0	0	0	0	0	0	0	0	0	0	
4.5	4.75	4	35	145	4	37	38998	0	0	0	0	0	0	0	0	0	0	
4.5	4.75	4	36	121	4	37	38998	0	0	0	0	0	0	0	0	0	0	
4.5	4.75	4	37	42	4	39	41106	0	0	0	0	0	0	0	0	0	0	
4.5	4.75	4	38	37	4	39	41106	0	0	0	0	0	0	0	0	0	0	
4.5	4.75	4	39	74	4	39	41106	0	0	0	0	0	0	0	0	0	0	
4.5	4.75	4	40	33	4	39	41106	0	0	0	0	0	0	0	0	0	0	
4.5	4.75	5	41	58	4	39	41106	0	0	0	0	0	0	0	0	0	0	
4.5	4.75	5	42	12	4	39	41106	0	0	0	0	0	0	0	0	0	0	
4.5	4.75	5	43	23	4	39	41106	0	0	0	0	0	0	0	0	0	0	
4.5	4.75	5	44	105	4	39	41106	0	0	0	0	0	0	0	0	0	0	
4.5	4.75	5	45	33	4	39	41106	0	0	0	0	0	0	0	0	0	0	
4.5	4.75	5	46	56	4	39	41106	0	0	0	0	0	0	0	0	0	0	
4.5	4.75	5	47	49	4	37	38998	0	0	0	0	0	0	0	0	0	0	
4.5	4.75	5	48	77	4	37	38998	0	0	0	0	0	0	0	0	0	0	
4.5	4.75	5	49	67	4	37	38998	0	0	0	0	0	0	0	0	0	0	
4.5	4.75	5	50	45	4	37	38998	0	0	0	0	0	0	0	0	0	0	
4.5	4.75	6	51	81	4	37	38998	0	0	0	0	0	0	0	0	0	0	
4.5	4.75	6	52	30	4	37	38998	0	0	0	0	0	0	0	0	0	0	
4.5	4.75	6	53	12	4	37	38998	0	0	0	0	0	0	0	0	0	0	
4.5	4.75	6	54	55	4	37	38998	0	0	0	0	0	0	0	0	0	0	
4.5	4.75	6	55	40	4	37	38998	0	0	0	0	0	0	0	0	0	0	
4.5	4.75	6	56	54	4	37	38998	0	0	0	0	0	0	0	0	0	0	
4.5	4.75	6	57	1	4	37	38998	0	0	0	0	0	0	0	0	0	0	
4.5	4.75	6	58	2	4	37	38998	0	0	0	0	0	0	0	0	0	0	
4.5	4.75	6	59	3	4	37	38998	0	0	0	0	0	0	0	0	0	0	
4.5	4.75	6	60	8	4	37	38998	0	0	0	0	0	0	0	0	0	0	
4.5	4.75	7	61	7	4	37	38998	23	24242	0.105428	0.00225267	0.102214	0.108864	1054	0	1054	1054	
4.5	4.75	7	62	6	4	37	38998	13	13702	0.186224	0.0060345	0.176645	0.193299	1054	0	1054	1054	
4.5	4.75	7	63	3	4	37	38998	37	38998	0.0135788	0.00289635	0.00903825	0.0182563	1054	0	1054	1054	
4.5	4.75	7	64	8	4	37	38998	37	38998	0.0102654	0.00292854	0.00529738	0.0155154	1054	0	1054	1054	
4.5	4.75	7	65	4	4	37	38998	13	13702	0.18683	0.00640883	0.177819	0.194643	1054	0	1054	1054	
4.5	4.75	7	66	11	4	37	38998	11	11594	0.231191	0.00575343	0.2226	0.239162	1054	0	1054	1054	
4.5	4.75	7	67	12	4	37	38998	11	11594	0.23251	0.00634705	0.222423	0.240729	1054	0	1054	1054	
4.5	4.75	7	68	5	4	37	38998	10	10540	0.23197	0.00635658	0.223988	0.239596	1054	0	1054	1054	
4.5	4.75	7	69	1	4	37	38998	37	38998	0.0109789	0.00289327	0.006251	0.016075	1054	0	1054	1054	
4.5	4.75	7	70	2	4	37	38998	29	30566	0.0808034	0.00481939	0.0732041	0.0893341	1054	0	1054	1054	
