Remote host Address  : 1.0.0.2
client mac address22:33:44:55:66:70
 UE Interface address7.0.0.2
 Wifi Interface address7.0.0.2
Downlink UE = 0 Source Port 1001
536
1072
1608
2144
3216
4824
6968
10184
16616
9648
12328
15544
19296
23584
28408
33768
39664
46096
53064
7580
7837
8086
8328
8563
8792
9046
9294
9534
9768
10025
10249
14204
5312
5524
5778
6020
6252
6475
6734
6983
7223
7455
7680
7935
8182
8421
8653
8911
9162
9406
9644
9876
10130
10351
14204
5312
5524
5778
6020
6252
6475
6734
6983
7223
7455
7680
7935
8182
8421
8653
8911
9162
9406
9644
9876
10130
10351
14204
5312
5524
5778
6020
6252
6475
6734
6983
7223
7455
7680
7935
8182
8421
8653
8911
9162
9406
9644
9876
10130
10351
14204
5312
5524
5778
6020
6252
6475
6734
6983
7223
7455
7680
7935
8182
8421
8653
8911
9162
9406
9644
9876
10130
10351
14204
5312
5524
5778
6020
6252
6475
6734
6983
7223
7455
7680
7935
8182
8421
8653
8911
9162
9406
9644
9876
10130
10351
14204
5312
5524
5778
6020
6252
6475
6734
6983
7223
7455
7680
7935
8182
8421
8653
8911
9162
9406
9644
9876
10130
10351
14204
5312
5524
5778
6020
6252
6475
6734
6983
7223
7455
7680
7935
8182
8421
8653
8911
9162
9406
9644
9876
10130
10351
14204
5312
5524
5778
6020
6252
6475
6734
6983
7223
7455
7680
7935
8182
8421
8653
8911
9162
9406
9644
9876
10130
10351
14204
5312
5524
5778
6020
6252
6475
6734
6983
7223
7455
7680
7935
8182
8421
8653
8911
9162
9406
9644
9876
10130
10351
14204
5312
5524
5778
6020
6252
6475
6734
6983
7223
7455
7680
7935
8182
8421
8653
8911
9162
9406
9644
9876
10130
10351
14204
5312
5524
5778
6020
6252
6475
6734
6983
7223
7455
7680
7935
8182
8421
8653
8911
9162
9406
9644
9876
10130
10351
14204
5312
5524
5778
6020
6252
6475
6734
6983
7223
7455
7680
7935
8182
8421
8653
8911
9162
9406
9644
9876
10130
10351
14204
5312
5524
5778
6020
6252
6475
6734
6983
7223
7455
7680
7935
8182
8421
8653
8911
9162
9406
9644
9876
10130
10351
14204
5312
5524
5778
6020
6252
6475
6734
6983
7223
7455
7680
7935
8182
8421
8653
8911
9162
9406
9644
9876
10130
10351
14204
5312
5524
5778
6020
6252
6475
6734
6983
7223
7455
7680
7935
8182
8421
8653
8911
9162
9406
9644
9876
10130
10351
14204
5312
5524
5778
6020
6252
6475
6734
6983
7223
7455
7680
7935
8182
8421
8653
8911
9162
9406
9644
9876
10130
10351
14204
5312
5524
5778
6020
6252
6475
6734
6983
7223
7455
7680
7935
8182
8421
8653
8911
9162
9406
9644
9876
10130
10351
14204
5312
5524
5778
6020
6252
6475
6734
6983
7223
7455
7680
7935
8182
8421
8653
8911
9162
9406
9644
9876
10130
10351
14204
5312
5524
5778
6020
6252
6475
6734
6983
7223
7455
7680
7935
8182
8421
8653
8911
9162
9406
9644
9876
10130
10351
14204
5312
5524
5778
6020
6252
6475
6734
6983
7223
7455
7680
7935
8182
8421
8653
8911
9162
9406
9644
9876
10130
10351
14204
5312
5524
5778
6020
6252
6475
6734
6983
7223
7455
7680
7935
8182
8421
8653
8911
9162
9406
9644
9876
10130
10351
14204
5312
5524
5778
6020
6252
6475
6734
6983
7223
7455
7680
7935
8182
8421
8653
8911
9162
9406
9644
9876
10130
10351
14204
5312
5524
5778
6020
6252
6475
6734
6983
7223
7455
7680
7935
8182
8421
8653
8911
9162
9406
9644
9876
10130
10351
14204
5312
5524
5778
6020
6252
6475
6734
6983
7223
7455
7680
7935
8182
8421
8653
8911
9162
9406
9644
9876
10130
10351
14204
5312
5524
5778
6020
6252
6475
6734
6983
7223
7455
7680
7935
8182
Flow 1 (1.0.0.2(49153) -> 7.0.0.2(1001))
  Tx Bytes:   4526864
  Rx Bytes:   4506128
  Transmitted Packets: 7861
  Received Packets: 7825
  First Tx time:   +1000000000.0ns
  Last Rx time:   +9991999999.0ns
  Delay = 4.5399msec 
  Throughput: 3.82329Mbps
Flow 2 (7.0.0.2(1001) -> 1.0.0.2(49153))
  Tx Bytes:   167760
  Rx Bytes:   167480
  Transmitted Packets: 4194
  Received Packets: 4187
  First Tx time:   +1003999999.0ns
  Last Rx time:   +9985929028.0ns
  Delay = 10.4639msec 
  Throughput: 0.14226Mbps
  Packet loss = 43
Percentage of Lost packets = 0.356698
Total  Delay = 0.0066048
 Total Rx Bytes: 4.67361e+06 Total Throughput: 3.96555
