% start	end	CellId	IMSI	RNTI	LCID	nTxPDUs	TxBytes	nRxPDUs	RxBytes	delay	stdDev	min	max	PduSize	stdDev	min	max
1	1.25	1	1	6	4	3	3162	2	2108	0.0163486	0.00506288	0.0127686	0.0199286	1054	0	1054	1054	
1	1.25	1	3	58	4	3	3162	2	2108	0.0293486	0.0234477	0.0127686	0.0459286	1054	0	1054	1054	
1	1.25	1	5	49	4	3	3162	2	2108	0.152849	0.0665812	0.105769	0.199929	1054	0	1054	1054	
1	1.25	1	7	8	4	3	3162	0	0	0	0	0	0	0	0	0	0	
1	1.25	2	17	21	4	37	38998	0	0	0	0	0	0	0	0	0	0	
1	1.25	2	19	62	4	37	38998	15	15810	0.0404799	0.0105771	0.0190166	0.0559286	1054	0	1054	1054	
1	1.25	3	21	237	4	37	38998	0	0	0	0	0	0	0	0	0	0	
1	1.25	3	23	23	4	37	38998	0	0	0	0	0	0	0	0	0	0	
1	1.25	3	25	123	4	37	38998	8	8432	0.0776626	0.0185554	0.0541026	0.0989726	1054	0	1054	1054	
1.25	1.5	1	1	6	4	3	3162	3	3162	0.0612886	0.0585333	0.0211286	0.128449	1054	0	1054	1054	
1.25	1.5	1	3	58	4	3	3162	3	3162	0.135449	0.0796323	0.0612886	0.219609	1054	0	1054	1054	
1.25	1.5	1	5	49	4	3	3162	2	2108	0.107529	0.0665812	0.0604486	0.154609	1054	0	1054	1054	
1.25	1.5	1	7	8	4	3	3162	0	0	0	0	0	0	0	0	0	0	
1.25	1.5	2	17	21	4	37	38998	28	29512	0.120187	0.131353	0.00732457	0.319625	1054	0	1054	1054	
1.25	1.5	2	19	62	4	37	38998	0	0	0	0	0	0	0	0	0	0	
1.25	1.5	3	21	237	4	37	38998	0	0	0	0	0	0	0	0	0	0	
1.25	1.5	3	23	23	4	37	38998	0	0	0	0	0	0	0	0	0	0	
1.25	1.5	3	25	123	4	37	38998	19	20026	0.104322	0.0455808	0.0403666	0.189669	1054	0	1054	1054	
1.5	1.75	1	1	6	4	2	2108	1	1054	0.0119686	0	0.0119686	0.0119686	1054	0	1054	1054	
1.5	1.75	1	3	58	4	2	2108	2	2108	0.136549	0.0559746	0.0969686	0.176129	1054	0	1054	1054	
1.5	1.75	1	5	49	4	2	2108	0	0	0	0	0	0	0	0	0	0	
1.5	1.75	1	7	8	4	2	2108	0	0	0	0	0	0	0	0	0	0	
1.5	1.75	2	17	21	4	36	37944	6	6324	0.0855939	0.0780865	0.0479346	0.244631	1054	0	1054	1054	
1.5	1.75	2	19	62	4	36	37944	0	0	0	0	0	0	0	0	0	0	
1.5	1.75	3	21	237	4	36	37944	0	0	0	0	0	0	0	0	0	0	
1.5	1.75	3	23	23	4	36	37944	0	0	0	0	0	0	0	0	0	0	
1.5	1.75	3	25	123	4	36	37944	34	35836	0.129135	0.0655323	0.0502406	0.247889	1054	0	1054	1054	
1.75	2	1	1	6	4	3	3162	1	1054	0.0236486	0	0.0236486	0.0236486	1054	0	1054	1054	
1.75	2	1	3	58	4	3	3162	0	0	0	0	0	0	0	0	0	0	
1.75	2	1	5	49	4	3	3162	3	3162	0.376129	0.0810357	0.290969	0.452289	1054	0	1054	1054	
1.75	2	1	7	8	4	3	3162	0	0	0	0	0	0	0	0	0	0	
1.75	2	2	17	21	4	37	38998	12	12648	0.247303	0.109505	0.0806346	0.367327	1054	0	1054	1054	
1.75	2	2	19	62	4	37	38998	1	1054	0.620757	0	0.620757	0.620757	1054	0	1054	1054	
1.75	2	3	21	237	4	37	38998	0	0	0	0	0	0	0	0	0	0	
1.75	2	3	23	23	4	37	38998	0	0	0	0	0	0	0	0	0	0	
1.75	2	3	25	123	4	37	38998	16	16864	0.0839977	0.0386718	0.0269386	0.128459	1054	0	1054	1054	
2	2.25	1	1	6	4	3	3162	2	2108	0.0710886	0.0665812	0.0240086	0.118169	1054	0	1054	1054	
2	2.25	1	3	58	4	3	3162	4	4216	0.225319	0.103545	0.0993286	0.341809	1054	0	1054	1054	
2	2.25	1	5	49	4	3	3162	0	0	0	0	0	0	0	0	0	0	
2	2.25	1	7	8	4	3	3162	0	0	0	0	0	0	0	0	0	0	
2	2.25	2	17	21	4	37	38998	3	3162	0.346201	0.006826	0.339375	0.353027	1054	0	1054	1054	
2	2.25	2	19	62	4	37	38998	19	20026	0.354031	0.289316	0.0680306	0.883323	1054	0	1054	1054	
2	2.25	3	21	237	4	37	38998	0	0	0	0	0	0	0	0	0	0	
2	2.25	3	23	23	4	37	38998	0	0	0	0	0	0	0	0	0	0	
2	2.25	3	25	123	4	37	38998	39	41106	0.10876	0.0379121	0.0566386	0.184679	1054	0	1054	1054	
2.25	2.5	1	1	6	4	2	2108	2	2108	0.0661086	0.0658741	0.0195286	0.112689	1054	0	1054	1054	
2.25	2.5	1	3	58	4	2	2108	1	1054	0.276169	0	0.276169	0.276169	1054	0	1054	1054	
2.25	2.5	1	5	49	4	2	2108	7	7378	0.415186	0.144429	0.243849	0.637809	1054	0	1054	1054	
2.25	2.5	1	7	8	4	2	2108	0	0	0	0	0	0	0	0	0	0	
2.25	2.5	2	17	21	4	36	37944	0	0	0	0	0	0	0	0	0	0	
2.25	2.5	2	19	62	4	36	37944	26	27404	0.0572326	0.0228189	0.0181626	0.116729	1054	0	1054	1054	
2.25	2.5	3	21	237	4	36	37944	0	0	0	0	0	0	0	0	0	0	
2.25	2.5	3	23	23	4	36	37944	0	0	0	0	0	0	0	0	0	0	
2.25	2.5	3	25	123	4	36	37944	5	5270	0.293474	0.0141547	0.275727	0.309857	1054	0	1054	1054	
2.5	2.75	1	1	6	4	3	3162	3	3162	0.0155419	0.00491924	0.0123686	0.0212086	1054	0	1054	1054	
2.5	2.75	1	3	58	4	3	3162	6	6324	0.305109	0.16115	0.0902086	0.526009	1054	0	1054	1054	
2.5	2.75	1	5	49	4	3	3162	3	3162	0.0978619	0.0881619	0.00936857	0.185689	1054	0	1054	1054	
2.5	2.75	1	7	8	4	3	3162	0	0	0	0	0	0	0	0	0	0	
2.5	2.75	2	17	21	4	37	38998	2	2108	0.859136	0.00482671	0.855723	0.862549	1054	0	1054	1054	
2.5	2.75	2	19	62	4	37	38998	23	24242	0.0717722	0.0488201	0.00764457	0.165295	1054	0	1054	1054	
2.5	2.75	3	21	237	4	37	38998	0	0	0	0	0	0	0	0	0	0	
2.5	2.75	3	23	23	4	37	38998	0	0	0	0	0	0	0	0	0	0	
2.5	2.75	3	25	123	4	37	38998	14	14756	0.238645	0.0529421	0.184599	0.355249	1054	0	1054	1054	
2.75	3	1	1	6	4	3	3162	3	3162	0.0173952	0.00418078	0.0125686	0.0198886	1054	0	1054	1054	
2.75	3	1	3	58	4	3	3162	0	0	0	0	0	0	0	0	0	0	
2.75	3	1	5	49	4	3	3162	4	4216	0.235719	0.109922	0.103729	0.359209	1054	0	1054	1054	
2.75	3	1	7	8	4	3	3162	0	0	0	0	0	0	0	0	0	0	
2.75	3	2	17	21	4	36	37944	2	2108	0.833593	0.0386137	0.806289	0.860897	1054	0	1054	1054	
2.75	3	2	19	62	4	36	37944	33	34782	0.0944813	0.0851618	0.00817057	0.252689	1054	0	1054	1054	
2.75	3	3	21	237	4	36	37944	0	0	0	0	0	0	0	0	0	0	
2.75	3	3	23	23	4	36	37944	0	0	0	0	0	0	0	0	0	0	
2.75	3	3	25	123	4	36	37944	28	29512	0.130528	0.0318204	0.0804286	0.213949	1054	0	1054	1054	
3	3.25	1	1	6	4	2	2108	2	2108	0.0383286	0.0239285	0.0214086	0.0552486	1054	0	1054	1054	
3	3.25	1	3	58	4	2	2108	0	0	0	0	0	0	0	0	0	0	
3	3.25	1	5	49	4	2	2108	2	2108	0.103489	0.0665812	0.0564086	0.150569	1054	0	1054	1054	
3	3.25	1	7	8	4	2	2108	0	0	0	0	0	0	0	0	0	0	
3	3.25	2	17	21	4	37	38998	11	11594	0.720346	0.334943	0.146347	1.13446	1054	0	1054	1054	
3	3.25	2	19	62	4	37	38998	13	13702	0.0431981	0.00702183	0.0325626	0.0556926	1054	0	1054	1054	
3	3.25	3	21	237	4	37	38998	0	0	0	0	0	0	0	0	0	0	
3	3.25	3	23	23	4	37	38998	0	0	0	0	0	0	0	0	0	0	
3	3.25	3	25	123	4	37	38998	25	26350	0.0786449	0.0215065	0.0364326	0.119301	1054	0	1054	1054	
3.25	3.5	1	1	6	4	3	3162	2	2108	0.0163486	0.00364867	0.0137686	0.0189286	1054	0	1054	1054	
3.25	3.5	1	3	58	4	3	3162	7	7378	0.487569	0.181735	0.233089	0.733049	1054	0	1054	1054	
3.25	3.5	1	5	49	4	3	3162	0	0	0	0	0	0	0	0	0	0	
3.25	3.5	1	7	8	4	3	3162	0	0	0	0	0	0	0	0	0	0	
3.25	3.5	2	17	21	4	37	38998	4	4216	0.164022	0.0631789	0.106001	0.222043	1054	0	1054	1054	
3.25	3.5	2	19	62	4	37	38998	0	0	0	0	0	0	0	0	0	0	
3.25	3.5	3	21	237	4	37	38998	0	0	0	0	0	0	0	0	0	0	
3.25	3.5	3	23	23	4	37	38998	0	0	0	0	0	0	0	0	0	0	
3.25	3.5	3	25	123	4	37	38998	20	21080	0.141045	0.0409258	0.0737406	0.223913	1054	0	1054	1054	
3.5	3.75	1	1	6	4	3	3162	3	3162	0.0181152	0.00518063	0.0124486	0.0226086	1054	0	1054	1054	
3.5	3.75	1	3	58	4	3	3162	2	2108	0.0998486	0.0665812	0.0527686	0.146929	1054	0	1054	1054	
3.5	3.75	1	5	49	4	3	3162	6	6324	0.204849	0.160423	0.0124486	0.429249	1054	0	1054	1054	
3.5	3.75	1	7	8	4	3	3162	0	0	0	0	0	0	0	0	0	0	
3.5	3.75	2	17	21	4	36	37944	28	29512	0.1508	0.0733283	0.0504846	0.244351	1054	0	1054	1054	
3.5	3.75	2	19	62	4	36	37944	0	0	0	0	0	0	0	0	0	0	
3.5	3.75	3	21	237	4	36	37944	0	0	0	0	0	0	0	0	0	0	
3.5	3.75	3	23	23	4	36	37944	0	0	0	0	0	0	0	0	0	0	
3.5	3.75	3	25	123	4	36	37944	16	16864	0.117637	0.0473063	0.0506566	0.194003	1054	0	1054	1054	
3.75	4	1	1	6	4	2	2108	0	0	0	0	0	0	0	0	0	0	
3.75	4	1	3	58	4	2	2108	0	0	0	0	0	0	0	0	0	0	
3.75	4	1	5	49	4	2	2108	0	0	0	0	0	0	0	0	0	0	
3.75	4	1	7	8	4	2	2108	0	0	0	0	0	0	0	0	0	0	
3.75	4	2	17	21	4	37	38998	15	15810	0.140289	0.0672716	0.0394006	0.199007	1054	0	1054	1054	
3.75	4	2	19	62	4	37	38998	13	13702	0.518038	0.305616	0.0215726	0.724303	1054	0	1054	1054	
3.75	4	3	21	237	4	37	38998	0	0	0	0	0	0	0	0	0	0	
3.75	4	3	23	23	4	37	38998	0	0	0	0	0	0	0	0	0	0	
3.75	4	3	25	123	4	37	38998	16	16864	0.150652	0.0391853	0.0999626	0.209179	1054	0	1054	1054	
4	4.25	1	1	6	4	3	3162	4	4216	0.0419786	0.0468527	0.0126486	0.111969	1054	0	1054	1054	
4	4.25	1	3	58	4	3	3162	7	7378	0.26154	0.194731	0.0124886	0.538449	1054	0	1054	1054	
4	4.25	1	5	49	4	3	3162	0	0	0	0	0	0	0	0	0	0	
4	4.25	1	7	8	4	3	3162	0	0	0	0	0	0	0	0	0	0	
4	4.25	2	17	21	4	37	38998	3	3162	0.169445	0.006826	0.162619	0.176271	1054	0	1054	1054	
4	4.25	2	19	62	4	37	38998	2	2108	0.439682	0.00482671	0.436269	0.443095	1054	0	1054	1054	
4	4.25	3	21	237	4	37	38998	0	0	0	0	0	0	0	0	0	0	
4	4.25	3	23	23	4	37	38998	0	0	0	0	0	0	0	0	0	0	
4	4.25	3	25	123	4	37	38998	18	18972	0.236401	0.102153	0.135533	0.381269	1054	0	1054	1054	
4.25	4.5	1	1	6	4	3	3162	2	2108	0.0157486	0.00483661	0.0123286	0.0191686	1054	0	1054	1054	
4.25	4.5	1	3	58	4	3	3162	0	0	0	0	0	0	0	0	0	0	
4.25	4.5	1	5	49	4	3	3162	8	8432	0.362729	0.2061	0.0651686	0.663289	1054	0	1054	1054	
4.25	4.5	1	7	8	4	3	3162	0	0	0	0	0	0	0	0	0	0	
4.25	4.5	2	17	21	4	36	37944	25	26350	0.150183	0.0838442	0.0590146	0.300315	1054	0	1054	1054	
4.25	4.5	2	19	62	4	36	37944	9	9486	0.515951	0.148437	0.253579	0.627139	1054	0	1054	1054	
4.25	4.5	3	21	237	4	36	37944	0	0	0	0	0	0	0	0	0	0	
4.25	4.5	3	23	23	4	36	37944	0	0	0	0	0	0	0	0	0	0	
4.25	4.5	3	25	123	4	36	37944	15	15810	0.125465	0.0264296	0.0821446	0.161925	1054	0	1054	1054	
4.5	4.75	1	1	6	4	2	2108	2	2108	0.0184286	0.00789131	0.0128486	0.0240086	1054	0	1054	1054	
4.5	4.75	1	3	58	4	2	2108	3	3162	0.174169	0.0853184	0.0920086	0.262329	1054	0	1054	1054	
4.5	4.75	1	5	49	4	2	2108	2	2108	0.0929286	0.0665812	0.0458486	0.140009	1054	0	1054	1054	
4.5	4.75	1	7	8	4	2	2108	0	0	0	0	0	0	0	0	0	0	
4.5	4.75	2	17	21	4	37	38998	0	0	0	0	0	0	0	0	0	0	
4.5	4.75	2	19	62	4	37	38998	28	29512	0.0690869	0.0477623	0.0288446	0.266753	1054	0	1054	1054	
4.5	4.75	3	21	237	4	37	38998	0	0	0	0	0	0	0	0	0	0	
4.5	4.75	3	23	23	4	37	38998	0	0	0	0	0	0	0	0	0	0	
4.5	4.75	3	25	123	4	37	38998	17	17918	0.169149	0.0614987	0.0931906	0.257015	1054	0	1054	1054	
