% time	cellId	IMSI	RNTI	layer	mcs	size	rv	ndi	correct
1012	1	1	6	0	2	65	0	1	1
1012	1	5	49	0	6	153	0	1	0
1012	1	3	58	0	6	153	0	1	0
1013	1	1	6	0	2	65	0	1	1
1013	1	5	49	0	6	153	0	1	0
1013	1	3	58	0	6	153	0	1	0
1014	1	1	6	0	2	65	0	1	1
1014	1	5	49	0	6	153	0	1	0
1014	1	3	58	0	6	153	0	1	0
1015	1	1	6	0	2	65	0	1	1
1015	1	5	49	0	6	153	0	1	0
1015	1	3	58	0	6	153	0	1	0
1016	1	1	6	0	2	65	0	1	1
1016	1	5	49	0	6	153	0	1	0
1016	1	3	58	0	6	153	0	1	0
1017	1	1	6	0	2	65	0	1	1
1017	1	5	49	0	6	153	0	1	0
1017	1	3	58	0	6	153	0	1	1
1019	1	1	6	0	28	1095	0	1	1
1027	1	3	58	0	6	209	0	1	1
1033	1	3	58	0	6	209	0	1	1
1045	1	3	58	0	28	1479	0	1	1
1055	2	17	21	0	28	2292	0	1	0
1055	2	19	62	0	28	2292	0	1	1
1056	3	25	123	0	28	1479	0	1	1
1060	3	25	123	0	28	1479	0	1	1
1067	2	19	62	0	28	2292	0	1	1
1075	2	19	62	0	28	2292	0	1	1
1081	2	19	62	0	28	2292	0	1	1
1083	3	25	123	0	28	1479	0	1	1
1091	2	19	62	0	28	2292	0	1	1
1100	2	19	62	0	28	2292	0	1	1
1106	1	1	6	0	28	1095	0	1	1
1106	1	3	58	0	28	1095	0	1	1
1114	3	25	123	0	28	1479	0	1	1
1131	3	25	123	0	28	1479	0	1	1
1136	2	19	62	0	28	2292	0	1	1
1139	3	25	123	0	28	1479	0	1	1
1156	2	17	21	0	28	2292	0	1	0
1156	2	19	62	0	28	2292	0	1	0
1156	3	25	123	0	28	1479	0	1	0
1157	3	25	123	0	28	1479	0	1	1
1160	3	25	123	0	28	1479	0	1	1
1176	1	5	49	0	6	325	0	1	1
1182	3	25	123	0	28	1479	0	1	1
1187	3	25	123	0	28	1479	0	1	1
1199	1	5	49	0	28	2292	0	1	1
1200	1	1	6	0	2	65	0	1	1
1200	1	5	49	0	28	1095	0	1	0
1200	1	3	58	0	6	153	0	1	0
1202	1	1	6	0	2	65	0	1	1
1202	1	5	49	0	28	1095	0	1	0
1202	1	3	58	0	6	153	0	1	0
1203	1	1	6	0	2	87	0	1	1
1203	1	3	58	0	6	209	0	1	0
1204	1	1	6	0	2	87	0	1	1
1204	1	3	58	0	6	209	0	1	0
1205	1	1	6	0	2	87	0	1	1
1205	1	3	58	0	6	209	0	1	0
1208	1	1	6	0	2	87	0	1	1
1209	1	1	6	0	2	87	0	1	0
1209	2	19	62	0	28	2292	0	1	0
1210	1	1	6	0	2	87	0	1	1
1211	1	1	6	0	2	87	0	1	1
1212	1	1	6	0	2	87	0	1	0
1212	2	19	62	0	28	2292	0	1	0
1213	1	1	6	0	2	87	0	1	1
1214	1	1	6	0	2	87	0	1	1
1215	1	1	6	0	28	1479	0	1	1
1225	3	25	123	0	28	1479	0	1	1
1242	3	25	123	0	28	1479	0	1	1
1248	3	25	123	0	28	1479	0	1	1
1249	3	25	123	0	28	1479	0	1	1
1251	3	25	123	0	28	1479	0	1	1
1262	3	25	123	0	28	1479	0	1	1
1271	3	25	123	0	28	1479	0	1	1
1282	3	25	123	0	28	1479	0	1	1
1289	3	25	123	0	28	1479	0	1	1
1292	3	25	123	0	28	1479	0	1	1
1294	1	1	6	0	2	65	0	1	1
1295	1	1	6	0	2	65	0	1	1
1297	1	1	6	0	2	65	0	1	1
1298	1	1	6	0	2	65	0	1	1
1298	3	25	123	0	28	1479	0	1	0
1299	1	1	6	0	2	65	0	1	1
1300	1	1	6	0	2	65	0	1	1
1301	1	1	6	0	28	1095	0	1	1
1307	2	17	21	0	28	2292	0	1	1
1318	2	17	21	0	28	2292	0	1	1
1335	1	5	49	0	6	209	0	1	1
1339	1	5	49	0	6	209	0	1	1
1342	1	5	49	0	28	1479	0	1	1
1346	2	17	21	0	28	2292	0	1	1
1350	2	17	21	0	28	2292	0	1	1
1350	2	19	62	0	28	2292	0	1	0
1357	2	17	21	0	28	2292	0	1	1
1357	2	19	62	0	28	2292	0	1	0
1361	2	17	21	0	28	2292	0	1	1
1368	2	17	21	0	28	2292	0	1	1
1370	2	17	21	0	28	2292	0	1	1
1375	2	17	21	0	28	2292	0	1	1
1388	1	1	6	0	28	1095	0	1	1
1388	1	5	49	0	28	1095	0	1	0
1388	1	3	58	0	6	153	0	1	0
1394	1	3	58	0	6	325	0	1	1
1407	1	3	58	0	28	2292	0	1	1
1409	2	17	21	0	28	2292	0	1	1
1420	3	25	123	0	28	1479	0	1	1
1435	3	25	123	0	28	1479	0	1	1
1437	1	3	58	0	28	2292	0	1	1
1442	2	17	21	0	28	2292	0	1	1
1443	2	17	21	0	28	2292	0	1	1
1451	2	17	21	0	28	2292	0	1	1
1452	2	17	21	0	28	2292	0	1	1
1453	3	25	123	0	28	1479	0	1	1
1459	3	25	123	0	28	1479	0	1	1
1470	3	25	123	0	28	1479	0	1	1
1476	3	25	123	0	28	1479	0	1	1
1482	1	1	6	0	2	65	0	1	1
1482	1	3	58	0	28	1095	0	1	0
1483	1	1	6	0	2	65	0	1	1
1483	1	3	58	0	28	1095	0	1	0
1484	1	1	6	0	2	87	0	1	1
1485	1	1	6	0	2	87	0	1	1
1486	1	1	6	0	2	87	0	1	1
1487	1	1	6	0	2	87	0	1	1
1489	1	1	6	0	2	87	0	1	1
1490	1	1	6	0	2	87	0	1	1
1491	1	1	6	0	28	1479	0	1	1
1494	3	25	123	0	28	1479	0	1	1
1505	2	17	21	0	28	2292	0	1	1
1518	2	17	21	0	28	2292	0	1	1
1518	2	19	62	0	28	2292	0	1	0
1520	3	25	123	0	28	1479	0	1	1
1525	3	25	123	0	28	1479	0	1	1
1531	2	17	21	0	28	2292	0	1	0
1531	3	25	123	0	28	1479	0	1	0
1541	3	25	123	0	0	53	0	1	1
1555	3	25	123	0	28	1479	0	1	1
1566	3	25	123	0	28	1479	0	1	1
1575	3	25	123	0	28	1479	0	1	1
1576	1	1	6	0	28	1095	0	1	1
1576	1	5	49	0	6	153	0	1	0
1576	1	3	58	0	6	153	0	1	0
1577	1	1	6	0	28	1095	0	1	0
1577	1	5	49	0	6	153	0	1	1
1577	1	3	58	0	6	153	0	1	1
1584	3	25	123	0	28	1479	0	1	1
1587	3	25	123	0	28	1479	0	1	1
1589	3	25	123	0	28	1479	0	1	1
1593	3	25	123	0	28	1479	0	1	1
1603	1	5	49	0	6	209	0	1	1
1603	1	3	58	0	6	209	0	1	0
1606	1	5	49	0	6	209	0	1	0
1606	1	3	58	0	6	209	0	1	1
1621	3	25	123	0	28	1479	0	1	1
1623	3	25	123	0	28	1479	0	1	1
1631	3	25	123	0	28	1479	0	1	1
1642	2	17	21	0	28	2292	0	1	1
1646	1	3	58	0	28	1479	0	1	1
1647	3	25	123	0	28	1479	0	1	1
1650	3	25	123	0	28	1479	0	1	1
1656	1	5	49	0	6	209	0	1	1
1656	1	3	58	0	28	1479	0	1	0
1661	1	5	49	0	6	209	0	1	0
1661	1	3	58	0	28	1479	0	1	1
1665	3	25	123	0	28	1479	0	1	1
1670	2	17	21	0	28	2292	0	1	0
1670	2	19	62	0	28	2292	0	1	1
1673	1	1	6	0	2	87	0	1	1
1674	1	1	6	0	2	87	0	1	1
1675	1	1	6	0	2	87	0	1	0
1675	2	17	21	0	28	2292	0	1	0
1675	2	19	62	0	28	2292	0	1	0
1676	1	1	6	0	2	87	0	1	1
1677	1	1	6	0	2	87	0	1	1
1679	1	1	6	0	2	87	0	1	1
1680	1	1	6	0	28	1479	0	1	1
1693	3	25	123	0	28	1479	0	1	1
1696	3	25	123	0	28	1479	0	1	1
1717	3	25	123	0	28	1479	0	1	1
1765	1	1	6	0	2	65	0	1	1
1765	1	3	58	0	28	1095	0	1	0
1766	1	1	6	0	2	65	0	1	1
1766	1	3	58	0	28	1095	0	1	0
1767	1	1	6	0	28	1479	0	1	1
1776	3	25	123	0	28	1479	0	1	1
1779	3	25	123	0	28	1479	0	1	1
1783	3	25	123	0	28	1479	0	1	1
1789	3	25	123	0	28	1479	0	1	1
1790	3	25	123	0	28	1479	0	1	1
1792	2	17	21	0	28	2292	0	1	1
1796	3	25	123	0	28	1479	0	1	1
1797	3	25	123	0	28	1479	0	1	1
1811	3	25	123	0	28	1479	0	1	1
1812	2	17	21	0	28	2292	0	1	1
1824	3	25	123	0	28	1479	0	1	1
1826	1	5	49	0	6	325	0	1	1
1828	1	5	49	0	6	325	0	1	1
1829	1	5	49	0	6	325	0	1	1
1831	2	17	21	0	28	2292	0	1	1
1831	2	19	62	0	28	2292	0	1	0
1832	3	25	123	0	28	1479	0	1	1
1835	2	17	21	0	28	2292	0	1	0
1835	2	19	62	0	28	2292	0	1	0
1835	3	25	123	0	28	1479	0	1	0
1837	3	25	123	0	28	1479	0	1	1
1838	2	17	21	0	28	2292	0	1	1
1840	3	25	123	0	28	1479	0	1	1
1854	2	17	21	0	28	2292	0	1	1
1855	1	5	49	0	28	2292	0	1	1
1858	2	17	21	0	28	2292	0	1	1
1859	1	1	6	0	28	1095	0	1	0
1859	1	5	49	0	28	1095	0	1	0
1859	1	3	58	0	6	153	0	1	0
1859	2	17	21	0	28	2292	0	1	0
1859	3	25	123	0	28	1479	0	1	0
1865	3	25	123	0	28	1479	0	1	1
1875	3	25	123	0	28	1479	0	1	1
1884	3	25	123	0	28	1479	0	1	1
1913	3	25	123	0	28	1479	0	1	1
1926	3	25	123	0	28	1479	0	1	1
1935	3	25	123	0	28	1479	0	1	1
1953	1	1	6	0	2	65	0	1	1
1955	1	1	6	0	2	65	0	1	0
1955	2	17	21	0	28	2292	0	1	0
1956	1	1	6	0	2	65	0	1	1
1957	1	1	6	0	2	65	0	1	1
1958	1	1	6	0	2	65	0	1	1
1959	1	1	6	0	2	65	0	1	1
1960	1	1	6	0	28	1095	0	1	1
1967	3	25	123	0	28	1479	0	1	1
1971	3	25	123	0	28	1479	0	1	1
1980	3	25	123	0	28	1479	0	1	1
1983	1	5	49	0	6	209	0	1	1
1985	1	5	49	0	6	209	0	1	0
1985	1	3	58	0	6	209	0	1	1
1992	3	25	123	0	28	1479	0	1	1
1994	2	19	62	0	28	2292	0	1	1
1998	2	19	62	0	28	2292	0	1	1
2000	1	3	58	0	28	1479	0	1	1
2014	3	25	123	0	28	1479	0	1	1
2019	1	3	58	0	28	1479	0	1	1
2027	3	25	123	0	28	1479	0	1	1
2033	3	25	123	0	28	1479	0	1	1
2037	3	25	123	0	28	1479	0	1	1
2038	2	19	62	0	28	2292	0	1	1
2039	2	19	62	0	28	2292	0	1	1
2040	1	3	58	0	28	1479	0	1	1
2040	3	25	123	0	28	1479	0	1	1
2044	2	19	62	0	28	2292	0	1	0
2044	3	25	123	0	28	1479	0	1	0
2047	1	1	6	0	28	1095	0	1	1
2047	1	3	58	0	28	1095	0	1	0
2061	3	25	123	0	0	53	0	1	1
2071	3	25	123	0	28	1479	0	1	1
2079	3	25	123	0	28	1479	0	1	1
2110	3	25	123	0	28	1479	0	1	1
2114	3	25	123	0	28	1479	0	1	1
2119	2	17	21	0	28	2292	0	1	1
2134	2	17	21	0	28	2292	0	1	1
2136	3	25	123	0	28	1479	0	1	1
2140	3	25	123	0	28	1479	0	1	1
2141	1	1	6	0	2	65	0	1	1
2141	1	5	49	0	6	153	0	1	0
2142	1	1	6	0	2	65	0	1	1
2142	1	5	49	0	6	153	0	1	0
2143	1	1	6	0	2	65	0	1	1
2143	1	5	49	0	6	153	0	1	0
2144	1	1	6	0	2	65	0	1	1
2144	1	5	49	0	6	153	0	1	1
2144	1	3	58	0	6	153	0	1	1
2145	1	1	6	0	2	65	0	1	1
2145	1	5	49	0	6	153	0	1	0
2145	1	3	58	0	6	153	0	1	0
2146	3	25	123	0	28	1479	0	1	1
2147	1	1	6	0	2	65	0	1	1
2147	1	5	49	0	6	153	0	1	0
2147	1	3	58	0	6	153	0	1	0
2148	1	1	6	0	28	1095	0	1	1
2148	1	3	58	0	6	153	0	1	0
2148	2	17	21	0	28	2292	0	1	0
2148	2	19	62	0	28	2292	0	1	1
2149	3	25	123	0	28	1479	0	1	1
2154	3	25	123	0	28	1479	0	1	1
2170	3	25	123	0	28	1479	0	1	1
2179	2	19	62	0	28	2292	0	1	1
2182	3	25	123	0	28	1479	0	1	1
2191	2	19	62	0	28	2292	0	1	1
2201	3	25	123	0	28	1479	0	1	1
2214	3	25	123	0	28	1479	0	1	1
2218	3	25	123	0	28	1479	0	1	1
2230	2	19	62	0	28	2292	0	1	1
2234	2	19	62	0	28	2292	0	1	1
2236	1	1	6	0	28	1095	0	1	0
2236	3	25	123	0	28	1479	0	1	0
2240	2	19	62	0	28	2292	0	1	1
2257	2	19	62	0	28	2292	0	1	1
2282	2	17	21	0	28	2292	0	1	0
2282	2	19	62	0	28	2292	0	1	1
2288	2	17	21	0	28	2292	0	1	0
2288	2	19	62	0	28	2292	0	1	1
2291	2	19	62	0	28	2292	0	1	1
2296	1	5	49	0	6	209	0	1	1
2297	1	5	49	0	6	209	0	1	1
2303	2	19	62	0	28	2292	0	1	1
2306	1	5	49	0	28	1479	0	1	0
2306	1	3	58	0	6	209	0	1	1
2308	1	5	49	0	28	1479	0	1	1
2308	1	3	58	0	6	209	0	1	0
2310	1	5	49	0	28	1479	0	1	0
2310	1	3	58	0	6	209	0	1	1
2311	1	5	49	0	28	1479	0	1	0
2311	1	3	58	0	6	209	0	1	1
2312	2	19	62	0	28	2292	0	1	1
2316	1	5	49	0	28	1479	0	1	1
2321	2	19	62	0	28	2292	0	1	1
2328	1	5	49	0	28	1479	0	1	1
2328	1	3	58	0	28	1479	0	1	0
2330	1	1	6	0	2	65	0	1	1
2330	1	5	49	0	28	1095	0	1	0
2330	1	3	58	0	28	1095	0	1	0
2333	1	1	6	0	2	65	0	1	1
2333	1	5	49	0	28	1095	0	1	0
2333	1	3	58	0	28	1095	0	1	0
2334	1	1	6	0	2	87	0	1	1
2334	1	5	49	0	28	1479	0	1	0
2335	1	1	6	0	2	137	0	1	1
2336	1	1	6	0	2	137	0	1	1
2338	1	1	6	0	2	87	0	1	1
2340	1	1	6	0	2	87	0	1	1
2341	1	1	6	0	28	1479	0	1	1
2383	3	25	123	0	28	1479	0	1	1
2390	2	19	62	0	28	2292	0	1	1
2392	2	19	62	0	28	2292	0	1	1
2393	3	25	123	0	28	1479	0	1	1
2394	3	25	123	0	28	1479	0	1	1
2404	2	19	62	0	28	2292	0	1	1
2423	3	25	123	0	28	1479	0	1	1
2424	1	1	6	0	2	65	0	1	1
2425	1	1	6	0	2	65	0	1	1
2426	1	1	6	0	2	65	0	1	1
2427	1	1	6	0	2	65	0	1	1
2427	3	25	123	0	28	1479	0	1	0
2428	1	1	6	0	2	65	0	1	1
2429	1	1	6	0	2	65	0	1	1
2431	1	1	6	0	28	1095	0	1	1
2432	2	17	21	0	28	2292	0	1	0
2432	2	19	62	0	28	2292	0	1	1
2433	3	25	123	0	28	1479	0	1	1
2448	3	25	123	0	28	1479	0	1	1
2455	1	5	49	0	6	209	0	1	1
2459	1	5	49	0	6	209	0	1	1
2460	1	5	49	0	6	209	0	1	1
2460	3	25	123	0	28	1479	0	1	1
2464	1	5	49	0	28	1479	0	1	0
2464	1	3	58	0	6	209	0	1	1
2467	1	5	49	0	28	1479	0	1	1
2467	1	3	58	0	6	209	0	1	0
2467	3	25	123	0	28	1479	0	1	1
2481	2	19	62	0	28	2292	0	1	1
2487	2	19	62	0	28	2292	0	1	0
2487	3	25	123	0	28	1479	0	1	0
2491	2	19	62	0	28	2292	0	1	1
2503	1	5	49	0	28	1479	0	1	1
2510	1	5	49	0	28	1479	0	1	1
2515	1	5	49	0	28	1479	0	1	1
2518	1	1	6	0	28	1095	0	1	1
2518	1	5	49	0	28	1095	0	1	0
2522	2	19	62	0	28	2292	0	1	1
2543	3	25	123	0	28	1479	0	1	1
2548	2	19	62	0	28	2292	0	1	1
2563	2	19	62	0	28	2292	0	1	1
2565	3	25	123	0	28	1479	0	1	1
2570	2	19	62	0	28	2292	0	1	1
2571	2	19	62	0	28	2292	0	1	1
2572	3	25	123	0	28	1479	0	1	1
2581	2	19	62	0	28	2292	0	1	1
2596	2	17	21	0	28	2292	0	1	0
2596	2	19	62	0	28	2292	0	1	1
2597	2	17	21	0	28	2292	0	1	0
2597	2	19	62	0	28	2292	0	1	1
2603	2	17	21	0	28	2292	0	1	0
2603	2	19	62	0	28	2292	0	1	1
2604	2	17	21	0	28	2292	0	1	0
2604	2	19	62	0	28	2292	0	1	1
2612	1	1	6	0	2	65	0	1	1
2613	1	1	6	0	2	65	0	1	1
2614	1	1	6	0	2	65	0	1	1
2615	1	1	6	0	2	65	0	1	1
2615	1	5	49	0	6	153	0	1	0
2616	1	1	6	0	2	65	0	1	1
2616	1	5	49	0	6	153	0	1	0
2617	1	1	6	0	2	65	0	1	1
2617	1	5	49	0	6	153	0	1	0
2618	1	1	6	0	2	65	0	1	1
2618	1	5	49	0	6	153	0	1	0
2621	1	1	6	0	28	1095	0	1	1
2621	1	5	49	0	6	153	0	1	0
2632	3	25	123	0	28	1479	0	1	1
2643	2	19	62	0	28	2292	0	1	1
2645	1	3	58	0	6	209	0	1	1
2646	1	3	58	0	6	209	0	1	1
2647	3	25	123	0	28	1479	0	1	1
2655	1	3	58	0	28	1479	0	1	1
2661	3	25	123	0	28	1479	0	1	1
2662	1	3	58	0	28	1479	0	1	1
2663	3	25	123	0	28	1479	0	1	1
2665	1	3	58	0	28	1479	0	1	1
2671	2	19	62	0	28	2292	0	1	0
2671	3	25	123	0	28	1479	0	1	0
2682	3	25	123	0	0	53	0	1	1
2683	3	25	123	0	0	53	0	1	1
2690	1	3	58	0	28	1479	0	1	1
2694	3	25	123	0	28	1479	0	1	1
2701	3	25	123	0	28	1479	0	1	1
2704	3	25	123	0	28	1479	0	1	1
2707	1	1	6	0	28	1095	0	1	1
2707	1	3	58	0	28	1095	0	1	0
2708	3	25	123	0	28	1479	0	1	1
2730	3	25	123	0	28	1479	0	1	1
2749	2	17	21	0	28	2292	0	1	1
2756	3	25	123	0	28	1479	0	1	1
2761	2	17	21	0	28	2292	0	1	1
2768	3	25	123	0	28	1479	0	1	1
2772	3	25	123	0	28	1479	0	1	1
2786	3	25	123	0	28	1479	0	1	1
2790	2	17	21	0	28	2292	0	1	0
2790	2	19	62	0	28	2292	0	1	1
2793	2	17	21	0	28	2292	0	1	0
2793	2	19	62	0	28	2292	0	1	1
2795	2	17	21	0	28	2292	0	1	0
2795	2	19	62	0	28	2292	0	1	1
2801	1	1	6	0	2	65	0	1	1
2801	1	5	49	0	6	153	0	1	0
2801	1	3	58	0	6	153	0	1	0
2802	1	1	6	0	2	65	0	1	1
2802	1	5	49	0	6	153	0	1	0
2802	1	3	58	0	6	153	0	1	0
2802	2	19	62	0	28	2292	0	1	1
2804	1	1	6	0	2	65	0	1	1
2804	1	5	49	0	6	153	0	1	0
2804	1	3	58	0	6	153	0	1	0
2807	1	1	6	0	2	65	0	1	1
2807	1	5	49	0	6	153	0	1	0
2807	1	3	58	0	6	153	0	1	0
2808	1	1	6	0	28	1095	0	1	1
2813	2	19	62	0	28	2292	0	1	1
2821	2	19	62	0	28	2292	0	1	1
2830	3	25	123	0	28	1479	0	1	1
2841	3	25	123	0	28	1479	0	1	1
2865	3	25	123	0	28	1479	0	1	1
2877	2	19	62	0	28	2292	0	1	1
2882	3	25	123	0	28	1479	0	1	1
2887	3	25	123	0	28	1479	0	1	1
2888	2	19	62	0	28	2292	0	1	1
2892	2	19	62	0	28	2292	0	1	1
2893	2	19	62	0	28	2292	0	1	1
2895	1	1	6	0	2	65	0	1	1
2896	1	1	6	0	2	65	0	1	1
2897	1	1	6	0	2	65	0	1	1
2898	1	1	6	0	2	65	0	1	1
2899	1	1	6	0	2	65	0	1	1
2900	1	1	6	0	2	65	0	1	1
2901	1	1	6	0	2	65	0	1	1
2902	1	1	6	0	28	1095	0	1	1
2909	2	17	21	0	28	2292	0	1	0
2909	2	19	62	0	28	2292	0	1	1
2916	2	19	62	0	28	2292	0	1	1
2930	2	19	62	0	28	2292	0	1	1
2931	2	19	62	0	28	2292	0	1	1
2939	2	19	62	0	28	2292	0	1	1
2945	1	5	49	0	6	209	0	1	0
2945	1	3	58	0	6	209	0	1	1
2945	3	25	123	0	28	1479	0	1	1
2950	1	5	49	0	6	209	0	1	1
2950	1	3	58	0	6	209	0	1	0
2957	3	25	123	0	28	1479	0	1	1
2959	1	5	49	0	28	1479	0	1	1
2965	2	19	62	0	28	2292	0	1	1
2967	3	25	123	0	28	1479	0	1	1
2969	3	25	123	0	28	1479	0	1	1
2976	1	5	49	0	28	1479	0	1	1
2984	3	25	123	0	28	1479	0	1	1
2986	1	5	49	0	28	1479	0	1	1
2989	1	1	6	0	28	1095	0	1	1
2989	1	5	49	0	28	1095	0	1	0
2998	3	25	123	0	28	1479	0	1	1
3007	2	19	62	0	28	2292	0	1	1
3008	2	19	62	0	28	2292	0	1	1
3016	3	25	123	0	28	1479	0	1	1
3018	2	19	62	0	28	2292	0	1	1
3027	3	25	123	0	28	1479	0	1	1
3033	3	25	123	0	28	1479	0	1	1
3037	3	25	123	0	28	1479	0	1	1
3041	2	19	62	0	28	2292	0	1	1
3046	3	25	123	0	28	1479	0	1	1
3048	3	25	123	0	28	1479	0	1	1
3053	3	25	123	0	28	1479	0	1	1
3056	3	25	123	0	28	1479	0	1	1
3059	2	19	62	0	28	2292	0	1	1
3068	2	17	21	0	28	2292	0	1	0
3068	2	19	62	0	28	2292	0	1	1
3083	1	1	6	0	2	65	0	1	1
3084	1	1	6	0	2	65	0	1	1
3085	1	1	6	0	2	65	0	1	1
3086	1	1	6	0	2	65	0	1	1
3091	3	25	123	0	28	1479	0	1	1
3092	1	1	6	0	28	1095	0	1	1
3096	1	1	6	0	28	1095	0	1	0
3096	1	5	49	0	6	153	0	1	1
3096	2	17	21	0	28	2292	0	1	1
3096	2	19	62	0	28	2292	0	1	0
3102	2	17	21	0	28	2292	0	1	1
3102	2	19	62	0	28	2292	0	1	0
3104	1	5	49	0	6	209	0	1	1
3104	1	3	58	0	6	209	0	1	0
3107	1	5	49	0	6	209	0	1	1
3107	1	3	58	0	6	209	0	1	0
3113	2	17	21	0	28	2292	0	1	1
3123	3	25	123	0	28	1479	0	1	1
3127	1	5	49	0	28	1479	0	1	1
3128	3	25	123	0	28	1479	0	1	1
3133	3	25	123	0	28	1479	0	1	1
3134	3	25	123	0	28	1479	0	1	1
3155	3	25	123	0	28	1479	0	1	1
3190	3	25	123	0	28	1479	0	1	1
3205	3	25	123	0	28	1479	0	1	1
3211	3	25	123	0	28	1479	0	1	1
3213	1	1	6	0	2	87	0	1	1
3214	1	1	6	0	2	87	0	1	1
3215	1	1	6	0	2	87	0	1	1
3216	1	1	6	0	2	87	0	1	1
3217	1	1	6	0	2	87	0	1	1
3218	1	1	6	0	2	87	0	1	1
3219	1	1	6	0	2	87	0	1	1
3220	1	1	6	0	28	1479	0	1	1
3231	2	17	21	0	28	2292	0	1	1
3237	3	25	123	0	28	1479	0	1	1
3241	2	17	21	0	28	2292	0	1	1
3243	2	17	21	0	28	2292	0	1	0
3243	3	25	123	0	28	1479	0	1	0
3244	2	17	21	0	28	2292	0	1	1
3255	2	17	21	0	28	2292	0	1	1
3268	1	3	58	0	6	325	0	1	1
3269	1	3	58	0	6	325	0	1	1
3271	1	1	6	0	2	65	0	1	0
3271	1	5	49	0	6	153	0	1	0
3271	1	3	58	0	6	153	0	1	0
3271	2	17	21	0	28	2292	0	1	0
3271	2	19	62	0	28	2292	0	1	0
3272	1	1	6	0	2	65	0	1	1
3272	1	5	49	0	6	153	0	1	0
3272	1	3	58	0	6	153	0	1	0
3273	1	1	6	0	2	65	0	1	1
3273	1	5	49	0	6	153	0	1	0
3273	1	3	58	0	6	153	0	1	0
3274	1	1	6	0	2	65	0	1	1
3274	1	5	49	0	6	153	0	1	0
3274	1	3	58	0	6	153	0	1	0
3275	1	1	6	0	2	65	0	1	1
3275	1	5	49	0	6	153	0	1	0
3275	1	3	58	0	28	1095	0	1	0
3276	1	1	6	0	2	65	0	1	1
3276	1	5	49	0	6	153	0	1	0
3276	1	3	58	0	28	1095	0	1	0
3277	1	1	6	0	2	65	0	1	1
3277	1	5	49	0	6	153	0	1	0
3277	1	3	58	0	28	1095	0	1	0
3279	1	1	6	0	28	1095	0	1	1
3280	3	25	123	0	0	53	0	1	1
3281	3	25	123	0	0	53	0	1	1
3286	3	25	123	0	0	53	0	1	1
3293	3	25	123	0	28	1479	0	1	1
3304	3	25	123	0	28	1479	0	1	1
3311	3	25	123	0	28	1479	0	1	1
3320	3	25	123	0	28	1479	0	1	1
3321	3	25	123	0	28	1479	0	1	1
3337	3	25	123	0	28	1479	0	1	1
3341	3	25	123	0	28	1479	0	1	1
3351	3	25	123	0	28	1479	0	1	1
3352	3	25	123	0	28	1479	0	1	1
3365	1	1	6	0	28	1095	0	1	0
3365	3	25	123	0	28	1479	0	1	0
3369	3	25	123	0	28	1479	0	1	1
3372	1	1	6	0	28	1095	1	0	1
3377	3	25	123	0	28	1479	0	1	1
3396	3	25	123	0	28	1479	0	1	1
3408	2	17	21	0	28	2292	0	1	1
3427	1	5	49	0	6	209	0	1	0
3427	1	3	58	0	6	209	0	1	1
3428	2	17	21	0	28	2292	0	1	1
3428	2	19	62	0	28	2292	0	1	0
3435	1	3	58	0	6	325	0	1	1
3436	3	25	123	0	28	1479	0	1	1
3438	3	25	123	0	28	1479	0	1	1
3445	2	17	21	0	28	2292	0	1	1
3449	3	25	123	0	28	1479	0	1	1
3452	1	3	58	0	28	2292	0	1	1
3458	2	17	21	0	28	2292	0	1	0
3458	3	25	123	0	28	1479	0	1	0
3461	1	1	6	0	28	1095	0	1	1
3461	1	3	58	0	28	1095	0	1	0
3463	1	3	58	0	28	1479	0	1	1
3481	1	3	58	0	28	1479	0	1	1
3489	3	25	123	0	28	1479	0	1	1
3492	1	3	58	0	28	1479	0	1	1
3500	1	3	58	0	28	1479	0	1	1
3507	3	25	123	0	28	1479	0	1	1
3511	3	25	123	0	28	1479	0	1	1
3515	3	25	123	0	28	1479	0	1	1
3517	3	25	123	0	28	1479	0	1	1
3537	3	25	123	0	28	1479	0	1	1
3547	3	25	123	0	28	1479	0	1	1
3553	2	17	21	0	28	2292	0	1	1
3554	1	1	6	0	2	65	0	1	1
3554	1	3	58	0	28	1095	0	1	0
3557	1	1	6	0	2	87	0	1	1
3557	3	25	123	0	28	1479	0	1	1
3558	1	1	6	0	2	87	0	1	1
3559	1	1	6	0	2	87	0	1	1
3560	1	1	6	0	2	87	0	1	1
3561	1	1	6	0	2	87	0	1	1
3562	1	1	6	0	2	87	0	1	1
3563	1	1	6	0	2	87	0	1	1
3564	1	1	6	0	28	1479	0	1	1
3565	3	25	123	0	28	1479	0	1	1
3568	3	25	123	0	28	1479	0	1	1
3569	3	25	123	0	28	1479	0	1	1
3575	1	5	49	0	6	325	0	1	1
3580	3	25	123	0	28	1479	0	1	1
3587	1	5	49	0	28	2292	0	1	0
3587	3	25	123	0	28	1479	0	1	0
3591	1	5	49	0	28	2292	0	1	1
3594	1	5	49	0	28	2292	1	0	1
3596	2	17	21	0	28	2292	0	1	1
3596	2	19	62	0	28	2292	0	1	0
3603	2	17	21	0	28	2292	0	1	1
3606	1	5	49	0	28	2292	0	1	1
3630	2	17	21	0	28	2292	0	1	1
3633	2	17	21	0	28	2292	0	1	1
3648	1	1	6	0	28	1095	0	1	1
3648	1	5	49	0	28	1095	0	1	1
3648	1	3	58	0	6	153	0	1	0
3655	2	17	21	0	28	2292	0	1	1
3668	3	25	123	0	28	1479	0	1	1
3679	3	25	123	0	28	1479	0	1	1
3688	2	17	21	0	28	2292	0	1	1
3690	3	25	123	0	28	1479	0	1	1
3697	3	25	123	0	28	1479	0	1	1
3702	2	17	21	0	28	2292	0	1	1
3714	3	25	123	0	28	1479	0	1	1
3716	3	25	123	0	28	1479	0	1	1
3718	3	25	123	0	28	1479	0	1	1
3724	2	17	21	0	28	2292	0	1	1
3732	2	17	21	0	28	2292	0	1	1
3739	2	17	21	0	28	2292	0	1	1
3742	1	1	6	0	2	65	0	1	1
3742	1	5	49	0	6	153	0	1	0
3743	1	1	6	0	2	65	0	1	1
3743	1	5	49	0	6	153	0	1	0
3744	1	1	6	0	2	65	0	1	1
3744	1	5	49	0	6	153	0	1	0
3744	1	3	58	0	6	153	0	1	0
3746	1	1	6	0	2	65	0	1	1
3746	1	5	49	0	6	153	0	1	0
3746	1	3	58	0	6	153	0	1	0
3747	1	1	6	0	2	65	0	1	1
3747	1	5	49	0	6	153	0	1	0
3747	1	3	58	0	6	153	0	1	1
3748	1	1	6	0	2	65	0	1	1
3748	1	5	49	0	6	153	0	1	0
3748	1	3	58	0	6	153	0	1	0
3749	1	1	6	0	28	1095	0	1	1
3749	1	3	58	0	6	153	0	1	0
3763	2	17	21	0	28	2292	0	1	0
3763	2	19	62	0	28	2292	0	1	1
3765	3	25	123	0	28	1479	0	1	1
3778	2	19	62	0	28	2292	0	1	1
3786	2	19	62	0	28	2292	0	1	1
3787	2	19	62	0	28	2292	0	1	1
3790	3	25	123	0	28	1479	0	1	1
3792	2	19	62	0	28	2292	0	1	1
3803	3	25	123	0	28	1479	0	1	1
3811	3	25	123	0	28	1479	0	1	1
3827	3	25	123	0	28	1479	0	1	1
3836	1	1	6	0	28	1095	0	1	0
3836	3	25	123	0	28	1479	0	1	0
3885	2	17	21	0	28	2292	0	1	1
3885	2	19	62	0	28	2292	0	1	0
3908	2	17	21	0	28	2292	0	1	1
3908	2	19	62	0	28	2292	0	1	0
3909	1	3	58	0	6	325	0	1	1
3912	1	3	58	0	6	325	0	1	1
3915	2	17	21	0	28	2292	0	1	1
3915	2	19	62	0	28	2292	0	1	0
3916	2	17	21	0	28	2292	0	1	0
3916	2	19	62	0	28	2292	0	1	1
3924	2	17	21	0	28	2292	0	1	1
3930	1	1	6	0	2	65	0	1	1
3930	1	5	49	0	6	153	0	1	0
3930	1	3	58	0	28	1095	0	1	0
3931	1	1	6	0	2	65	0	1	1
3931	1	5	49	0	6	153	0	1	0
3931	1	3	58	0	28	1095	0	1	0
3932	1	1	6	0	2	65	0	1	1
3932	1	5	49	0	6	153	0	1	0
3932	1	3	58	0	28	1095	0	1	0
3933	1	1	6	0	2	65	0	1	1
3933	1	5	49	0	6	153	0	1	0
3933	1	3	58	0	28	1095	0	1	0
3934	1	1	6	0	2	65	0	1	1
3934	1	5	49	0	6	153	0	1	1
3934	1	3	58	0	28	1095	0	1	0
3936	1	1	6	0	2	87	0	1	1
3936	1	5	49	0	6	209	0	1	0
3937	1	1	6	0	2	87	0	1	1
3939	1	1	6	0	2	87	0	1	1
3940	1	1	6	0	2	87	0	1	1
3941	1	1	6	0	2	87	0	1	1
3941	1	5	49	0	6	209	0	1	0
3942	1	1	6	0	2	87	0	1	1
3942	1	5	49	0	6	209	0	1	0
3944	1	1	6	0	28	1479	0	1	1
3948	2	17	21	0	28	2292	0	1	1
3949	2	17	21	0	28	2292	0	1	1
3960	2	17	21	0	28	2292	0	1	1
3979	3	25	123	0	28	1479	0	1	1
3996	2	17	21	0	28	2292	0	1	0
3996	3	25	123	0	28	1479	0	1	0
4005	3	25	123	0	0	53	0	1	1
4025	1	1	6	0	2	65	0	1	1
4027	1	1	6	0	2	65	0	1	1
4028	1	1	6	0	2	65	0	1	1
4029	1	1	6	0	2	65	0	1	1
4030	1	1	6	0	2	65	0	1	1
4031	1	1	6	0	2	65	0	1	1
4031	2	17	21	0	28	2292	0	1	1
4033	3	25	123	0	28	1479	0	1	1
4034	1	1	6	0	28	1095	0	1	1
4041	3	25	123	0	28	1479	0	1	1
4049	3	25	123	0	28	1479	0	1	1
4052	2	17	21	0	28	2292	0	1	1
4053	3	25	123	0	28	1479	0	1	1
4060	3	25	123	0	28	1479	0	1	1
4072	1	5	49	0	6	209	0	1	0
4072	1	3	58	0	6	209	0	1	0
4072	2	17	21	0	28	2292	0	1	0
4072	2	19	62	0	28	2292	0	1	0
4074	1	5	49	0	6	209	0	1	0
4074	1	3	58	0	6	209	0	1	1
4076	1	5	49	0	6	209	0	1	0
4076	1	3	58	0	6	209	0	1	1
4095	3	25	123	0	28	1479	0	1	1
4098	1	3	58	0	6	325	0	1	1
4100	3	25	123	0	28	1479	0	1	1
4108	3	25	123	0	28	1479	0	1	1
4119	1	1	6	0	28	1095	0	1	1
4119	1	3	58	0	28	1095	0	1	0
4122	1	3	58	0	28	1479	0	1	1
4132	1	3	58	0	28	1479	0	1	1
4140	3	25	123	0	28	1479	0	1	1
4141	1	3	58	0	28	1479	0	1	1
4150	1	3	58	0	28	1479	0	1	1
4190	3	25	123	0	28	1479	0	1	1
4196	2	17	21	0	28	2292	0	1	1
4205	3	25	123	0	28	1479	0	1	1
4207	2	17	21	0	28	2292	0	1	1
4213	1	1	6	0	2	65	0	1	1
4213	1	3	58	0	28	1095	0	1	1
4214	1	1	6	0	2	65	0	1	1
4214	1	3	58	0	28	1095	0	1	0
4215	1	1	6	0	2	87	0	1	1
4215	1	5	49	0	6	209	0	1	0
4217	1	1	6	0	2	87	0	1	1
4217	1	5	49	0	6	209	0	1	0
4218	1	1	6	0	2	87	0	1	1
4218	1	5	49	0	6	209	0	1	0
4219	1	1	6	0	2	87	0	1	1
4219	1	5	49	0	6	209	0	1	0
4220	1	1	6	0	2	87	0	1	1
4220	1	5	49	0	6	209	0	1	0
4221	1	1	6	0	2	87	0	1	1
4221	1	5	49	0	6	209	0	1	0
4222	1	1	6	0	28	1479	0	1	1
4229	3	25	123	0	28	1479	0	1	1
4234	2	17	21	0	28	2292	0	1	1
4234	2	19	62	0	28	2292	0	1	1
4241	3	25	123	0	28	1479	0	1	1
4249	2	17	21	0	28	2292	0	1	1
4249	2	19	62	0	28	2292	0	1	0
4258	2	17	21	0	28	2292	0	1	1
4260	3	25	123	0	28	1479	0	1	1
4262	3	25	123	0	28	1479	0	1	1
4265	3	25	123	0	28	1479	0	1	1
4268	2	17	21	0	28	2292	0	1	1
4269	2	17	21	0	28	2292	0	1	1
4274	2	17	21	0	28	2292	0	1	0
4274	3	25	123	0	28	1479	0	1	0
4276	2	17	21	0	28	2292	0	1	1
4285	3	25	123	0	0	53	0	1	1
4293	3	25	123	0	28	1479	0	1	1
4299	3	25	123	0	28	1479	0	1	1
4300	3	25	123	0	28	1479	0	1	1
4307	1	1	6	0	28	1095	0	1	1
4307	1	3	58	0	6	153	0	1	0
4310	2	17	21	0	28	2292	0	1	1
4324	2	17	21	0	28	2292	0	1	1
4331	2	17	21	0	28	2292	0	1	1
4338	3	25	123	0	28	1479	0	1	1
4342	2	17	21	0	28	2292	0	1	1
4345	3	25	123	0	28	1479	0	1	1
4350	3	25	123	0	28	1479	0	1	1
4370	2	17	21	0	28	2292	0	1	1
4373	3	25	123	0	28	1479	0	1	1
4381	3	25	123	0	28	1479	0	1	1
4389	1	5	49	0	6	325	0	1	1
4391	1	5	49	0	6	325	0	1	1
4393	1	5	49	0	6	325	0	1	1
4393	3	25	123	0	28	1479	0	1	0
4399	1	5	49	0	28	2292	0	1	1
4401	1	1	6	0	2	65	0	1	1
4401	1	5	49	0	28	1095	0	1	0
4401	1	3	58	0	6	153	0	1	1
4402	1	1	6	0	2	65	0	1	1
4402	1	5	49	0	28	1095	0	1	0
4402	1	3	58	0	6	153	0	1	0
4403	1	1	6	0	2	65	0	1	1
4403	1	5	49	0	28	1095	0	1	0
4403	1	3	58	0	6	153	0	1	0
4404	1	1	6	0	2	65	0	1	1
4404	1	5	49	0	28	1095	0	1	0
4404	1	3	58	0	6	153	0	1	0
4404	2	17	21	0	28	2292	0	1	0
4404	2	19	62	0	28	2292	0	1	1
4405	1	1	6	0	2	65	0	1	1
4405	1	5	49	0	28	1095	0	1	0
4405	1	3	58	0	6	153	0	1	0
4406	1	1	6	0	2	65	0	1	1
4406	1	5	49	0	28	1095	0	1	0
4406	1	3	58	0	6	153	0	1	0
4407	1	1	6	0	2	65	0	1	1
4407	1	5	49	0	28	1095	0	1	1
4407	1	3	58	0	6	153	0	1	0
4408	1	1	6	0	28	1095	0	1	1
4408	1	3	58	0	28	1095	0	1	0
4417	2	19	62	0	28	2292	0	1	1
4426	1	5	49	0	28	1479	0	1	1
4449	1	5	49	0	28	1479	0	1	1
4454	1	5	49	0	28	1479	0	1	1
4459	2	19	62	0	28	2292	0	1	1
4494	3	25	123	0	28	1479	0	1	1
4495	1	1	6	0	2	65	0	1	1
4495	1	5	49	0	28	1095	0	1	0
4495	2	19	62	0	28	2292	0	1	1
4500	1	1	6	0	2	87	0	1	1
4501	1	1	6	0	2	87	0	1	1
4502	1	1	6	0	2	87	0	1	1
4503	1	1	6	0	2	87	0	1	1
4504	1	1	6	0	2	87	0	1	1
4505	1	1	6	0	2	87	0	1	1
4506	1	1	6	0	2	87	0	1	1
4507	1	1	6	0	28	1479	0	1	1
4508	3	25	123	0	28	1479	0	1	1
4515	2	17	21	0	28	2292	0	1	0
4515	2	19	62	0	28	2292	0	1	1
4524	3	25	123	0	28	1479	0	1	1
4535	2	19	62	0	28	2292	0	1	1
4542	3	25	123	0	28	1479	0	1	1
4544	1	3	58	0	6	325	0	1	1
4548	2	19	62	0	28	2292	0	1	1
4553	3	25	123	0	28	1479	0	1	1
4557	1	3	58	0	28	2292	0	1	1
4559	2	19	62	0	28	2292	0	1	1
4568	2	19	62	0	28	2292	0	1	1
4569	3	25	123	0	28	1479	0	1	1
4574	3	25	123	0	28	1479	0	1	1
4575	1	3	58	0	28	2292	0	1	1
4585	3	25	123	0	28	1479	0	1	1
4590	1	1	6	0	28	1095	0	1	1
4590	1	5	49	0	6	153	0	1	0
4590	1	3	58	0	28	1095	0	1	0
4596	1	5	49	0	6	325	0	1	1
4596	2	19	62	0	28	2292	0	1	1
4598	2	19	62	0	28	2292	0	1	1
4603	2	19	62	0	28	2292	0	1	1
4607	3	25	123	0	28	1479	0	1	1
4614	2	19	62	0	28	2292	0	1	1
4623	1	5	49	0	28	2292	0	1	1
4646	2	19	62	0	28	2292	0	1	1
4649	3	25	123	0	28	1479	0	1	1
4657	2	19	62	0	28	2292	0	1	1
4663	3	25	123	0	28	1479	0	1	1
4668	2	17	21	0	28	2292	0	1	0
4668	2	19	62	0	28	2292	0	1	1
4673	2	17	21	0	28	2292	0	1	0
4673	2	19	62	0	28	2292	0	1	1
4674	3	25	123	0	28	1479	0	1	1
4684	1	1	6	0	2	65	0	1	0
4684	1	5	49	0	28	1095	0	1	0
4684	2	19	62	0	28	2292	0	1	0
4685	1	1	6	0	2	65	0	1	1
4685	1	5	49	0	28	1095	0	1	0
4686	1	1	6	0	2	87	0	1	1
4688	1	1	6	0	2	87	0	1	1
4689	1	1	6	0	2	87	0	1	1
4690	1	1	6	0	2	87	0	1	1
4692	1	1	6	0	2	87	0	1	1
4693	1	1	6	0	28	1479	0	1	1
4721	3	25	123	0	28	1479	0	1	1
4746	2	19	62	0	28	2292	0	1	1
4755	2	19	62	0	28	2292	0	1	0
4755	3	25	123	0	28	1479	0	1	0
4757	2	19	62	0	28	2292	0	1	1
4764	2	19	62	0	28	2292	0	1	0
4764	3	25	123	0	0	53	0	1	1
4766	2	19	62	0	28	2292	0	1	1
4774	3	25	123	0	0	53	0	1	1
4778	1	1	6	0	28	1095	0	1	1
4778	1	5	49	0	6	153	0	1	0
4778	1	3	58	0	6	153	0	1	0
4783	1	5	49	0	6	209	0	1	0
4783	1	3	58	0	6	209	0	1	1
4792	3	25	123	0	28	1479	0	1	1
4801	2	19	62	0	28	2292	0	1	1
4808	1	3	58	0	28	1479	0	1	1
4809	3	25	123	0	28	1479	0	1	1
4810	1	3	58	0	28	1479	0	1	1
4814	2	19	62	0	28	2292	0	1	1
4826	1	3	58	0	28	1479	0	1	1
4833	3	25	123	0	28	1479	0	1	1
4835	2	17	21	0	28	2292	0	1	0
4835	2	19	62	0	28	2292	0	1	0
4835	3	25	123	0	28	1479	0	1	0
4836	2	17	21	0	28	2292	0	1	1
4836	2	19	62	0	28	2292	0	1	0
4849	2	17	21	0	28	2292	0	1	1
4863	3	25	123	0	0	53	0	1	1
4872	1	1	6	0	2	65	0	1	1
4872	1	5	49	0	6	153	0	1	0
4872	1	3	58	0	6	153	0	1	0
4873	1	1	6	0	2	65	0	1	1
4873	1	5	49	0	6	153	0	1	0
4873	1	3	58	0	6	153	0	1	0
4874	1	1	6	0	2	65	0	1	1
4874	1	5	49	0	6	153	0	1	0
4874	1	3	58	0	6	153	0	1	0
4875	1	1	6	0	2	65	0	1	1
4875	1	5	49	0	6	153	0	1	0
4875	1	3	58	0	6	153	0	1	0
4876	1	1	6	0	2	65	0	1	1
4876	1	5	49	0	6	153	0	1	0
4876	1	3	58	0	6	153	0	1	0
4877	1	1	6	0	2	65	0	1	1
4877	1	5	49	0	6	153	0	1	0
4877	1	3	58	0	6	153	0	1	0
4878	1	1	6	0	2	65	0	1	1
4878	1	5	49	0	6	153	0	1	0
4878	1	3	58	0	6	153	0	1	0
4879	1	1	6	0	28	1095	0	1	1
4885	2	17	21	0	28	2292	0	1	1
4885	2	19	62	0	28	2292	0	1	0
4904	3	25	123	0	28	1479	0	1	1
4907	3	25	123	0	28	1479	0	1	1
4913	3	25	123	0	28	1479	0	1	1
4928	3	25	123	0	28	1479	0	1	1
4958	2	17	21	0	28	2292	0	1	1
4961	3	25	123	0	28	1479	0	1	1
4967	1	1	6	0	28	1095	0	1	1
4969	2	17	21	0	28	2292	0	1	1
4972	2	17	21	0	28	2292	0	1	1
4986	3	25	123	0	28	1479	0	1	1
4988	3	25	123	0	28	1479	0	1	1
4999	3	25	123	0	28	1479	0	1	1
5001	2	17	21	0	28	2292	0	1	1
5011	4	37	42	0	28	2292	0	1	1
5011	4	39	74	0	28	2292	0	1	0
5012	3	25	123	0	28	1479	0	1	1
5016	3	25	123	0	28	1479	0	1	1
5021	3	25	123	0	28	1479	0	1	1
5023	1	5	49	0	6	209	0	1	1
5025	1	5	49	0	6	209	0	1	1
5025	1	3	58	0	6	209	0	1	0
5029	1	5	49	0	6	209	0	1	0
5029	1	3	58	0	6	209	0	1	0
5029	2	17	21	0	28	2292	0	1	0
5029	2	19	62	0	28	2292	0	1	0
5030	1	5	49	0	28	1479	0	1	0
5030	1	3	58	0	6	209	0	1	1
5033	1	5	49	0	28	1479	0	1	1
5034	1	5	49	0	28	1479	0	1	1
5038	1	3	58	0	28	1479	0	1	1
5050	1	5	49	0	28	1479	0	1	0
5050	1	3	58	0	28	1479	0	1	1
5052	3	25	123	0	28	1479	0	1	1
5057	3	25	123	0	28	1479	0	1	1
5060	1	1	6	0	28	1095	0	1	1
5060	1	3	58	0	28	1095	0	1	0
5077	3	25	123	0	28	1479	0	1	1
5089	3	25	123	0	28	1479	0	1	1
5091	3	25	123	0	28	1479	0	1	1
5096	3	25	123	0	28	1479	0	1	1
5106	3	25	123	0	28	1479	0	1	1
5132	3	25	123	0	28	1479	0	1	1
5146	3	25	123	0	28	1479	0	1	1
5152	3	25	123	0	28	1479	0	1	1
5155	1	1	6	0	2	65	0	1	1
5156	1	1	6	0	2	65	0	1	1
5157	1	1	6	0	2	65	0	1	1
5158	1	1	6	0	2	65	0	1	1
5159	1	1	6	0	2	65	0	1	1
5164	1	1	6	0	28	1095	0	1	1
5165	2	17	21	0	28	2292	0	1	1
5169	3	25	123	0	28	1479	0	1	1
5176	3	25	123	0	28	1479	0	1	1
5185	1	5	49	0	6	209	0	1	1
5185	1	3	58	0	6	209	0	1	0
5187	3	25	123	0	28	1479	0	1	1
5197	2	17	21	0	28	2292	0	1	1
5197	2	19	62	0	28	2292	0	1	0
5198	1	5	49	0	28	1479	0	1	0
5198	2	17	21	0	28	2292	0	1	0
5198	2	19	62	0	28	2292	0	1	0
5199	2	17	21	0	28	2292	0	1	1
5199	2	19	62	0	28	2292	0	1	0
5212	3	25	123	0	28	1479	0	1	1
5219	3	25	123	0	28	1479	0	1	1
5225	3	25	123	0	28	1479	0	1	1
5231	3	25	123	0	28	1479	0	1	1
5236	3	25	123	0	28	1479	0	1	1
5249	1	1	6	0	28	1095	0	1	1
5259	2	17	21	0	28	2292	0	1	1
5261	2	17	21	0	28	2292	0	1	1
5264	2	17	21	0	28	2292	0	1	1
5265	2	17	21	0	28	2292	0	1	1
5272	3	25	123	0	28	1479	0	1	1
5285	2	17	21	0	28	2292	0	1	1
5290	3	25	123	0	28	1479	0	1	1
5308	3	25	123	0	28	1479	0	1	1
5312	3	25	123	0	28	1479	0	1	1
5323	3	25	123	0	28	1479	0	1	1
5342	2	17	21	0	28	2292	0	1	1
5343	1	1	6	0	2	65	0	1	1
5343	1	5	49	0	6	153	0	1	0
5343	3	25	123	0	28	1479	0	1	0
5344	1	1	6	0	2	65	0	1	1
5344	1	5	49	0	6	153	0	1	0
5344	1	3	58	0	6	153	0	1	0
5345	1	1	6	0	2	65	0	1	1
5345	1	5	49	0	6	153	0	1	0
5345	1	3	58	0	6	153	0	1	0
5346	1	1	6	0	2	65	0	1	1
5346	1	5	49	0	6	153	0	1	1
5346	1	3	58	0	6	153	0	1	0
5347	1	1	6	0	2	65	0	1	1
5347	1	5	49	0	6	153	0	1	0
5347	1	3	58	0	6	153	0	1	0
5348	1	1	6	0	2	65	0	1	0
5348	1	5	49	0	6	153	0	1	0
5348	1	3	58	0	6	153	0	1	0
5348	2	17	21	0	28	2292	0	1	0
5348	2	19	62	0	28	2292	0	1	0
5349	1	1	6	0	2	65	0	1	1
5349	1	5	49	0	6	153	0	1	0
5349	1	3	58	0	6	153	0	1	0
5350	1	1	6	0	4	105	0	1	1
5350	1	3	58	0	6	153	0	1	0
5352	1	1	6	0	28	1095	0	1	1
5409	3	25	123	0	28	1479	0	1	1
5413	3	25	123	0	28	1479	0	1	1
5414	3	25	123	0	28	1479	0	1	1
5416	3	25	123	0	28	1479	0	1	1
5421	3	25	123	0	28	1479	0	1	1
5423	3	25	123	0	28	1479	0	1	1
5437	1	1	6	0	28	1095	0	1	0
5437	3	25	123	0	28	1479	0	1	0
5479	2	17	21	0	28	2292	0	1	1
5485	2	17	21	0	28	2292	0	1	1
5489	2	17	21	0	28	2292	0	1	1
5498	2	17	21	0	28	2292	0	1	1
5501	1	5	49	0	6	209	0	1	1
5502	1	5	49	0	6	209	0	1	1
5510	2	17	21	0	28	2292	0	1	0
5510	2	19	62	0	28	2292	0	1	1
5511	1	5	49	0	28	1479	0	1	1
5511	1	3	58	0	6	209	0	1	0
5513	2	19	62	0	28	4587	0	1	1
5523	1	5	49	0	28	1479	0	1	1
5531	1	1	6	0	2	65	0	1	1
5531	1	5	49	0	28	1095	0	1	0
5532	1	1	6	0	2	65	0	1	1
5532	1	5	49	0	28	1095	0	1	0
5533	1	1	6	0	2	87	0	1	1
5534	1	1	6	0	2	87	0	1	1
5535	1	1	6	0	2	87	0	1	1
5536	1	1	6	0	2	87	0	1	1
5537	1	1	6	0	2	87	0	1	1
5540	1	1	6	0	28	1479	0	1	1
5554	2	19	62	0	28	2292	0	1	1
5561	2	19	62	0	28	2292	0	1	1
5564	2	19	62	0	28	2292	0	1	1
5573	2	19	62	0	28	2292	0	1	1
5579	2	19	62	0	28	2292	0	1	1
5583	3	25	123	0	28	1479	0	1	1
5608	3	25	123	0	28	1479	0	1	1
5609	3	25	123	0	28	1479	0	1	1
5625	1	1	6	0	2	65	0	1	1
5627	1	1	6	0	2	65	0	1	1
5628	1	1	6	0	2	65	0	1	1
5629	2	17	21	0	28	2292	0	1	0
5629	2	19	62	0	28	2292	0	1	1
5630	1	1	6	0	2	65	0	1	1
5631	1	1	6	0	2	65	0	1	1
5635	1	1	6	0	28	1095	0	1	1
5637	2	17	21	0	28	2292	0	1	0
5637	2	19	62	0	28	2292	0	1	1
5651	3	25	123	0	28	1479	0	1	1
5665	1	5	49	0	6	209	0	1	1
5665	1	3	58	0	6	209	0	1	0
5665	3	25	123	0	28	1479	0	1	1
5667	2	19	62	0	28	2292	0	1	1
5668	3	25	123	0	28	1479	0	1	1
5677	1	5	49	0	28	1479	0	1	0
5677	2	19	62	0	28	2292	0	1	0
5683	1	5	49	0	28	1479	0	1	1
5709	3	25	123	0	28	1479	0	1	1
5718	3	25	123	0	28	1479	0	1	1
5719	1	1	6	0	28	1095	0	1	0
5719	1	5	49	0	28	1095	0	1	0
5719	3	25	123	0	28	1479	0	1	0
5721	3	25	123	0	28	1479	0	1	1
5763	3	25	123	0	28	1479	0	1	1
5764	3	25	123	0	28	1479	0	1	1
5778	3	25	123	0	28	1479	0	1	1
5788	3	25	123	0	28	1479	0	1	1
5794	2	17	21	0	28	2292	0	1	1
5797	2	17	21	0	28	2292	0	1	1
5800	2	17	21	0	28	2292	0	1	1
5805	3	25	123	0	28	1479	0	1	1
5807	2	17	21	0	28	2292	0	1	1
5814	1	1	6	0	2	65	0	1	1
5816	1	1	6	0	2	65	0	1	1
5816	1	5	49	0	6	153	0	1	0
5817	1	1	6	0	2	65	0	1	1
5817	1	5	49	0	6	153	0	1	0
5818	1	1	6	0	2	65	0	1	1
5818	1	5	49	0	6	153	0	1	1
5819	1	1	6	0	2	65	0	1	1
5819	1	5	49	0	6	153	0	1	0
5820	1	1	6	0	2	65	0	1	1
5820	1	5	49	0	6	153	0	1	0
5821	3	25	123	0	28	1479	0	1	1
5823	1	1	6	0	28	1095	0	1	1
5827	3	25	123	0	28	1479	0	1	1
5831	2	17	21	0	28	2292	0	1	1
5831	2	19	62	0	28	2292	0	1	0
5832	1	3	58	0	6	209	0	1	1
5837	1	3	58	0	6	209	0	1	1
5838	1	3	58	0	6	209	0	1	1
5840	3	25	123	0	28	1479	0	1	1
5841	2	17	21	0	28	2292	0	1	1
5843	1	3	58	0	28	1479	0	1	1
5843	3	25	123	0	28	1479	0	1	1
5850	1	3	58	0	28	1479	0	1	1
5853	3	25	123	0	28	1479	0	1	1
5864	1	3	58	0	28	1479	0	1	1
5866	3	25	123	0	28	1479	0	1	1
5867	1	3	58	0	28	1479	0	1	1
5870	3	25	123	0	28	1479	0	1	1
5874	3	25	123	0	28	1479	0	1	1
5875	2	17	21	0	28	2292	0	1	1
5878	2	17	21	0	28	2292	0	1	1
5880	2	17	21	0	28	2292	0	1	1
5884	2	17	21	0	28	2292	0	1	1
5889	3	25	123	0	28	1479	0	1	1
5894	1	3	58	0	28	1479	0	1	1
5897	1	3	58	0	28	1479	0	1	1
5900	3	25	123	0	28	1479	0	1	1
5908	1	1	6	0	28	1095	0	1	0
5908	1	3	58	0	28	1095	0	1	0
5908	3	25	123	0	28	1479	0	1	0
5909	1	1	6	0	28	1095	0	1	0
5909	1	3	58	0	28	1095	0	1	1
5915	1	1	6	0	28	1095	1	0	1
5944	2	17	21	0	28	2292	0	1	1
5957	2	17	21	0	28	2292	0	1	1
5961	2	17	21	0	28	2292	0	1	1
5963	2	17	21	0	28	2292	0	1	1
5967	2	17	21	0	28	2292	0	1	1
5973	2	17	21	0	28	2292	0	1	1
5979	2	17	21	0	28	2292	0	1	1
6003	1	1	6	0	2	65	0	1	1
6003	1	5	49	0	6	153	0	1	0
6003	1	3	58	0	6	153	0	1	0
6004	1	1	6	0	2	65	0	1	1
6004	1	5	49	0	6	153	0	1	0
6004	1	3	58	0	6	153	0	1	0
6005	1	1	6	0	2	65	0	1	1
6005	1	5	49	0	6	153	0	1	0
6005	1	3	58	0	6	153	0	1	0
6006	1	1	6	0	2	65	0	1	1
6006	1	5	49	0	6	153	0	1	0
6006	1	3	58	0	6	153	0	1	0
6007	1	1	6	0	2	65	0	1	1
6007	1	5	49	0	6	153	0	1	0
6007	1	3	58	0	6	153	0	1	0
6008	1	1	6	0	2	65	0	1	1
6008	1	5	49	0	6	153	0	1	0
6008	1	3	58	0	6	153	0	1	0
6009	1	1	6	0	2	65	0	1	1
6009	1	5	49	0	6	153	0	1	0
6009	1	3	58	0	6	153	0	1	0
6012	1	1	6	0	2	87	0	1	1
6013	1	1	6	0	2	87	0	1	1
6016	1	1	6	0	2	87	0	1	1
6017	1	1	6	0	2	87	0	1	1
6018	1	1	6	0	2	87	0	1	1
6019	1	1	6	0	28	1479	0	1	1
6042	2	17	21	0	28	2292	0	1	0
6042	2	19	62	0	28	2292	0	1	1
6055	2	19	62	0	28	2292	0	1	1
6065	2	19	62	0	28	2292	0	1	1
6070	2	19	62	0	28	2292	0	1	1
6075	3	25	123	0	28	1479	0	1	1
6076	2	19	62	0	28	2292	0	1	1
6078	2	19	62	0	28	2292	0	1	1
6083	3	25	123	0	28	1479	0	1	1
6096	1	1	6	0	2	65	0	1	1
6097	1	1	6	0	2	65	0	1	1
6098	1	1	6	0	2	65	0	1	1
6100	1	1	6	0	2	65	0	1	1
6101	1	1	6	0	2	65	0	1	1
6102	1	1	6	0	2	65	0	1	1
6103	1	1	6	0	28	1095	0	1	1
6106	2	19	62	0	28	2292	0	1	0
6106	3	25	123	0	28	1479	0	1	0
6111	2	17	21	0	28	2292	0	1	0
6111	2	19	62	0	28	2292	0	1	0
6111	3	25	123	0	28	1479	0	1	0
6112	2	17	21	0	28	2292	0	1	0
6112	2	19	62	0	28	2292	0	1	1
6122	3	25	123	0	0	53	0	1	1
6134	3	25	123	0	28	1479	0	1	1
6141	1	5	49	0	6	209	0	1	1
6147	1	5	49	0	6	209	0	1	1
6147	1	3	58	0	6	209	0	1	0
6148	1	5	49	0	28	1479	0	1	0
6148	1	3	58	0	6	209	0	1	1
6150	1	5	49	0	28	1479	0	1	1
6150	1	3	58	0	6	209	0	1	0
6151	1	5	49	0	28	1479	0	1	0
6151	1	3	58	0	6	209	0	1	1
6151	3	25	123	0	28	1479	0	1	1
6159	1	3	58	0	28	1479	0	1	1
6168	3	25	123	0	28	1479	0	1	1
6179	3	25	123	0	28	1479	0	1	1
6186	3	25	123	0	28	1479	0	1	1
6190	1	1	6	0	28	1095	0	1	1
6190	1	3	58	0	28	1095	0	1	0
6192	3	25	123	0	28	1479	0	1	1
6196	2	19	62	0	28	2292	0	1	1
6201	2	19	62	0	28	2292	0	1	1
6207	2	19	62	0	28	2292	0	1	1
6223	3	25	123	0	28	1479	0	1	1
6232	3	25	123	0	28	1479	0	1	1
6235	2	19	62	0	28	2292	0	1	1
6245	2	19	62	0	28	2292	0	1	1
6246	2	19	62	0	28	2292	0	1	1
6250	2	19	62	0	28	2292	0	1	1
6251	3	25	123	0	28	1479	0	1	1
6270	3	25	123	0	28	1479	0	1	1
6272	3	25	123	0	28	1479	0	1	1
6285	1	1	6	0	2	65	0	1	1
6286	1	1	6	0	2	65	0	1	1
6287	1	1	6	0	2	65	0	1	1
6288	1	1	6	0	2	65	0	1	1
6288	3	25	123	0	28	1479	0	1	0
6289	1	1	6	0	2	65	0	1	1
6290	1	1	6	0	2	65	0	1	1
6291	1	1	6	0	2	65	0	1	1
6292	1	1	6	0	28	1095	0	1	0
6292	2	17	21	0	28	4587	0	1	0
6292	2	19	62	0	28	2292	0	1	0
6301	1	5	49	0	6	209	0	1	1
6303	1	5	49	0	6	209	0	1	1
6306	1	5	49	0	6	209	0	1	0
6306	1	3	58	0	6	209	0	1	1
6310	1	5	49	0	28	1479	0	1	1
6310	1	3	58	0	6	209	0	1	0
6320	1	5	49	0	28	1479	0	1	1
6326	2	19	62	0	28	2292	0	1	1
6330	1	5	49	0	28	1479	0	1	1
6337	2	19	62	0	28	2292	0	1	1
6345	2	19	62	0	28	2292	0	1	1
6346	1	5	49	0	28	1479	0	1	1
6352	2	19	62	0	28	2292	0	1	1
6387	2	19	62	0	28	2292	0	1	1
6390	2	19	62	0	28	2292	0	1	1
6391	2	19	62	0	28	2292	0	1	1
6399	3	25	123	0	28	1479	0	1	1
6412	1	1	6	0	2	87	0	1	1
6413	1	1	6	0	2	87	0	1	1
6416	1	1	6	0	2	87	0	1	1
6419	2	19	62	0	28	2292	0	1	1
6421	1	1	6	0	28	1479	0	1	1
6429	2	17	21	0	28	2292	0	1	0
6429	2	19	62	0	28	2292	0	1	1
6435	2	17	21	0	28	4587	0	1	1
6439	2	17	21	0	28	2292	0	1	0
6439	2	19	62	0	28	2292	0	1	1
6440	2	17	21	0	28	2292	0	1	1
6440	2	19	62	0	28	2292	0	1	0
6441	3	25	123	0	28	1479	0	1	1
6445	3	25	123	0	28	1479	0	1	1
6448	2	17	21	0	28	2292	0	1	1
6449	2	17	21	0	28	2292	0	1	0
6449	3	25	123	0	28	1479	0	1	0
6464	3	25	123	0	0	53	0	1	1
6471	3	25	123	0	28	1479	0	1	1
6473	1	1	6	0	2	65	0	1	1
6473	1	5	49	0	6	153	0	1	0
6473	1	3	58	0	6	153	0	1	0
6474	1	1	6	0	2	65	0	1	0
6474	1	5	49	0	6	153	0	1	0
6474	1	3	58	0	6	153	0	1	0
6474	2	19	62	0	28	2292	0	1	0
6476	1	1	6	0	2	65	0	1	1
6476	1	5	49	0	6	153	0	1	0
6476	1	3	58	0	6	153	0	1	0
6476	3	25	123	0	28	1479	0	1	0
6479	1	1	6	0	2	65	0	1	1
6479	1	5	49	0	6	153	0	1	0
6479	1	3	58	0	6	153	0	1	0
6480	1	1	6	0	28	1095	0	1	1
6530	3	25	123	0	28	1479	0	1	1
6532	3	25	123	0	28	1479	0	1	1
6537	3	25	123	0	28	1479	0	1	1
6545	3	25	123	0	28	1479	0	1	1
6546	3	25	123	0	28	1479	0	1	1
6547	3	25	123	0	28	1479	0	1	1
6567	1	1	6	0	28	1095	0	1	1
6568	3	25	123	0	28	1479	0	1	1
6581	3	25	123	0	28	1479	0	1	1
6587	2	17	21	0	28	2292	0	1	1
6597	3	25	123	0	28	1479	0	1	1
6602	2	17	21	0	28	2292	0	1	1
6617	3	25	123	0	28	1479	0	1	1
6620	3	25	123	0	28	1479	0	1	1
6625	1	5	49	0	6	209	0	1	0
6625	1	3	58	0	6	209	0	1	1
6627	3	25	123	0	28	1479	0	1	1
6629	2	17	21	0	28	2292	0	1	1
6629	2	19	62	0	28	2292	0	1	0
6630	2	17	21	0	28	2292	0	1	0
6630	2	19	62	0	28	2292	0	1	1
6631	1	5	49	0	6	209	0	1	0
6631	1	3	58	0	6	209	0	1	1
6632	1	3	58	0	6	325	0	1	1
6637	3	25	123	0	28	1479	0	1	1
6650	1	3	58	0	28	2292	0	1	1
6652	3	25	123	0	28	1479	0	1	1
6657	3	25	123	0	28	1479	0	1	1
6662	1	1	6	0	28	1095	0	1	1
6662	1	3	58	0	28	1095	0	1	0
6672	2	19	62	0	28	2292	0	1	1
6674	3	25	123	0	28	1479	0	1	1
6682	2	19	62	0	28	2292	0	1	0
6682	3	25	123	0	28	1479	0	1	0
6695	3	25	123	0	28	1479	0	1	1
6702	3	25	123	0	28	1479	0	1	1
6704	3	25	123	0	28	1479	0	1	1
6705	3	25	123	0	28	1479	0	1	1
6749	3	25	123	0	28	1479	0	1	1
6752	3	25	123	0	28	1479	0	1	1
6755	1	1	6	0	2	65	0	1	1
6756	1	1	6	0	2	65	0	1	1
6756	3	25	123	0	28	1479	0	1	0
6757	1	1	6	0	2	65	0	1	1
6759	1	1	6	0	2	65	0	1	1
6761	1	1	6	0	2	65	0	1	1
6762	1	1	6	0	28	1095	0	1	0
6762	3	25	123	0	28	1479	0	1	0
6766	2	17	21	0	28	2292	0	1	1
6769	2	17	21	0	28	2292	0	1	1
6782	1	5	49	0	6	209	0	1	1
6790	1	5	49	0	28	1479	0	1	1
6790	1	3	58	0	6	209	0	1	0
6792	1	5	49	0	28	1479	0	1	1
6792	1	3	58	0	6	209	0	1	0
6816	2	17	21	0	28	2292	0	1	1
6816	2	19	62	0	28	2292	0	1	0
6817	2	17	21	0	28	2292	0	1	0
6817	2	19	62	0	28	2292	0	1	1
6826	2	19	62	0	28	2292	0	1	1
6827	2	19	62	0	28	2292	0	1	1
6833	1	5	49	0	28	1479	0	1	1
6848	1	5	49	0	28	1479	0	1	1
6849	1	1	6	0	4	105	0	1	1
6849	1	5	49	0	28	1095	0	1	1
6850	1	1	6	0	4	105	0	1	1
6850	1	5	49	0	28	1095	0	1	0
6852	1	1	6	0	2	87	0	1	1
6853	1	1	6	0	2	87	0	1	1
6854	1	1	6	0	2	87	0	1	1
6855	1	1	6	0	2	87	0	1	1
6856	3	25	123	0	28	1479	0	1	1
6857	1	1	6	0	2	87	0	1	1
6858	1	1	6	0	2	87	0	1	1
6859	1	1	6	0	28	1479	0	1	1
6864	2	19	62	0	28	2292	0	1	1
6890	3	25	123	0	28	1479	0	1	1
6916	3	25	123	0	28	1479	0	1	1
6920	2	17	21	0	28	2292	0	1	1
6920	2	19	62	0	28	2292	0	1	0
6924	2	17	21	0	28	2292	0	1	0
6924	2	19	62	0	28	2292	0	1	0
6924	3	25	123	0	28	1479	0	1	0
6926	2	17	21	0	28	2292	0	1	0
6926	2	19	62	0	28	2292	0	1	1
6930	2	17	21	0	28	2292	0	1	1
6934	2	19	62	0	28	2292	0	1	1
6944	1	1	6	0	2	65	0	1	1
6944	1	5	49	0	6	153	0	1	0
6944	1	3	58	0	6	153	0	1	0
6944	3	25	123	0	0	53	0	1	1
6946	1	1	6	0	2	65	0	1	1
6946	1	5	49	0	6	153	0	1	0
6946	1	3	58	0	6	153	0	1	0
6947	1	1	6	0	2	65	0	1	1
6947	1	5	49	0	6	153	0	1	0
6947	1	3	58	0	6	153	0	1	1
6948	1	1	6	0	2	65	0	1	1
6948	1	5	49	0	6	153	0	1	0
6948	1	3	58	0	6	153	0	1	0
6949	1	1	6	0	2	65	0	1	1
6949	1	5	49	0	6	153	0	1	0
6949	1	3	58	0	6	153	0	1	0
6950	1	1	6	0	2	65	0	1	1
6950	1	5	49	0	6	153	0	1	0
6950	1	3	58	0	6	153	0	1	0
6951	1	1	6	0	4	105	0	1	1
6952	1	1	6	0	4	105	0	1	1
6953	1	1	6	0	28	1095	0	1	1
6977	2	17	21	0	28	2292	0	1	0
6977	2	19	62	0	28	2292	0	1	1
6980	2	17	21	0	28	2292	0	1	0
6980	2	19	62	0	28	2292	0	1	1
7001	2	19	62	0	28	2292	0	1	1
7010	3	25	123	0	28	1479	0	1	1
7029	3	25	123	0	28	1479	0	1	1
7032	2	19	62	0	28	2292	0	1	1
7038	1	1	6	0	28	1095	0	1	1
7069	2	17	21	0	28	2292	0	1	1
7069	2	19	62	0	28	2292	0	1	0
7070	3	25	123	0	28	1479	0	1	1
7076	3	25	123	0	28	1479	0	1	1
7077	3	25	123	0	28	1479	0	1	1
7089	2	17	21	0	28	2292	0	1	1
7090	3	25	123	0	28	1479	0	1	1
7096	1	5	49	0	6	209	0	1	1
7099	2	17	21	0	28	2292	0	1	1
7102	3	25	123	0	28	1479	0	1	1
7104	3	25	123	0	28	1479	0	1	1
7111	1	5	49	0	28	1479	0	1	0
7111	1	3	58	0	6	209	0	1	1
7121	1	3	58	0	28	1479	0	1	1
7122	1	3	58	0	28	1479	0	1	1
7122	3	25	123	0	28	1479	0	1	1
7125	1	3	58	0	28	1479	0	1	1
7131	2	17	21	0	28	2292	0	1	0
7131	2	19	62	0	28	2292	0	1	1
7132	1	1	6	0	2	65	0	1	1
7132	1	3	58	0	28	1095	0	1	0
7133	1	1	6	0	2	65	0	1	1
7133	1	3	58	0	28	1095	0	1	0
7134	1	1	6	0	2	65	0	1	1
7134	1	3	58	0	28	1095	0	1	0
7135	1	1	6	0	2	65	0	1	1
7135	1	3	58	0	28	1095	0	1	0
7137	1	1	6	0	2	65	0	1	1
7137	1	3	58	0	28	1095	0	1	0
7137	3	25	123	0	28	1479	0	1	0
7139	1	1	6	0	28	1095	0	1	1
7148	2	19	62	0	28	2292	0	1	1
7151	2	19	62	0	28	2292	0	1	1
7169	2	19	62	0	28	2292	0	1	0
7169	3	25	123	0	28	1479	0	1	0
7173	3	25	123	0	28	1479	0	1	1
7175	2	19	62	0	28	2292	0	1	1
7180	3	25	123	0	28	1479	0	1	1
7194	3	25	123	0	28	1479	0	1	1
7198	3	25	123	0	28	1479	0	1	1
7203	3	25	123	0	28	1479	0	1	1
7204	2	19	62	0	28	2292	0	1	1
7211	2	19	62	0	28	2292	0	1	1
7226	1	1	6	0	2	65	0	1	1
7227	1	1	6	0	2	65	0	1	0
7227	2	17	21	0	28	4587	0	1	0
7229	1	1	6	0	2	65	0	1	1
7230	2	17	21	0	28	2292	0	1	0
7230	2	19	62	0	28	2292	0	1	1
7231	1	1	6	0	2	65	0	1	1
7232	1	1	6	0	2	65	0	1	1
7234	1	1	6	0	2	65	1	0	1
7236	1	1	6	0	28	1095	0	1	0
7236	3	25	123	0	28	1479	0	1	0
7250	2	19	62	0	28	2292	0	1	1
7251	2	19	62	0	28	2292	0	1	1
7255	1	5	49	0	6	209	0	1	1
7258	1	5	49	0	6	209	0	1	1
7259	2	19	62	0	28	2292	0	1	1
7265	1	5	49	0	28	1479	0	1	0
7265	1	3	58	0	6	209	0	1	1
7267	1	5	49	0	28	1479	0	1	1
7267	1	3	58	0	6	209	0	1	0
7268	1	5	49	0	28	1479	0	1	1
7268	1	3	58	0	6	209	0	1	0
7271	2	19	62	0	28	2292	0	1	1
7278	2	19	62	0	28	2292	0	1	1
7309	1	5	49	0	28	1479	0	1	1
7315	1	5	49	0	28	1479	0	1	1
7315	2	19	62	0	28	2292	0	1	1
7320	1	1	6	0	4	105	0	1	1
7320	1	5	49	0	28	1095	0	1	0
7322	1	1	6	0	2	87	0	1	1
7323	1	1	6	0	2	87	0	1	1
7326	1	1	6	0	2	87	0	1	1
7327	1	1	6	0	2	87	0	1	1
7329	1	1	6	0	28	1479	0	1	1
7346	3	25	123	0	28	1479	0	1	1
7347	2	19	62	0	28	2292	0	1	1
7351	3	25	123	0	28	1479	0	1	1
7358	3	25	123	0	28	1479	0	1	1
7364	3	25	123	0	28	1479	0	1	1
7371	2	19	62	0	28	2292	0	1	1
7376	2	19	62	0	28	2292	0	1	1
7377	3	25	123	0	28	1479	0	1	1
7398	3	25	123	0	28	1479	0	1	1
7407	2	17	21	0	28	2292	0	1	0
7407	2	19	62	0	28	2292	0	1	1
7411	2	17	21	0	28	2292	0	1	0
7411	2	19	62	0	28	2292	0	1	0
7411	3	25	123	0	28	1479	0	1	0
7414	1	1	6	0	2	65	0	1	1
7415	1	1	6	0	2	65	0	1	1
7415	1	5	49	0	6	153	0	1	0
7416	1	1	6	0	2	65	0	1	1
7416	1	5	49	0	6	153	0	1	0
7416	3	25	123	0	28	1479	0	1	0
7417	1	1	6	0	2	65	0	1	1
7417	1	5	49	0	6	153	0	1	0
7418	1	1	6	0	2	65	0	1	1
7418	1	5	49	0	6	153	0	1	0
7420	1	1	6	0	2	65	0	1	1
7420	1	5	49	0	6	153	0	1	0
7420	3	25	123	0	0	53	0	1	1
7421	1	1	6	0	28	1095	0	1	1
7421	1	5	49	0	6	153	0	1	0
7434	1	3	58	0	6	209	0	1	1
7439	1	3	58	0	6	209	0	1	1
7440	1	3	58	0	6	209	0	1	1
7442	2	19	62	0	28	2292	0	1	1
7445	1	3	58	0	28	1479	0	1	1
7450	1	3	58	0	28	1479	0	1	1
7453	1	3	58	0	28	1479	0	1	1
7458	2	19	62	0	28	2292	0	1	1
7480	1	3	58	0	28	1479	0	1	1
7482	1	3	58	0	28	1479	0	1	1
7483	2	19	62	0	28	2292	0	1	1
7484	2	19	62	0	28	2292	0	1	1
7491	3	25	123	0	28	1479	0	1	1
7495	2	19	62	0	28	2292	0	1	1
7503	3	25	123	0	28	1479	0	1	1
7509	1	1	6	0	28	1095	0	1	1
7509	1	3	58	0	28	1095	0	1	0
7510	1	1	6	0	28	1095	0	1	0
7510	1	3	58	0	28	1095	0	1	1
7512	3	25	123	0	28	1479	0	1	1
7521	3	25	123	0	28	1479	0	1	1
7532	2	19	62	0	28	2292	0	1	1
7539	2	19	62	0	28	2292	0	1	0
7539	3	25	123	0	28	1479	0	1	0
7551	2	17	21	0	28	2292	0	1	1
7558	2	17	21	0	28	2292	0	1	1
7571	2	17	21	0	28	2292	0	1	1
7573	2	17	21	0	28	2292	0	1	1
7601	3	25	123	0	0	53	0	1	1
7603	1	1	6	0	2	65	0	1	1
7603	1	5	49	0	6	153	0	1	0
7603	1	3	58	0	6	153	0	1	0
7605	1	1	6	0	2	65	0	1	1
7605	1	5	49	0	6	153	0	1	0
7605	1	3	58	0	6	153	0	1	0
7605	2	17	21	0	28	2292	0	1	0
7605	2	19	62	0	28	2292	0	1	1
7606	1	1	6	0	2	65	0	1	1
7606	1	5	49	0	6	153	0	1	0
7606	1	3	58	0	6	153	0	1	0
7606	2	17	21	0	28	2292	0	1	0
7606	2	19	62	0	28	2292	0	1	1
7607	1	1	6	0	2	65	0	1	1
7607	1	5	49	0	6	153	0	1	0
7607	1	3	58	0	6	153	0	1	0
7608	1	1	6	0	2	65	0	1	1
7608	1	5	49	0	6	153	0	1	0
7608	1	3	58	0	6	153	0	1	0
7609	1	1	6	0	2	65	0	1	1
7609	1	5	49	0	6	153	0	1	0
7609	1	3	58	0	6	153	0	1	0
7610	1	1	6	0	28	1095	0	1	1
7624	3	25	123	0	28	1479	0	1	1
7641	2	19	62	0	28	2292	0	1	1
7644	3	25	123	0	28	1479	0	1	1
7645	3	25	123	0	28	1479	0	1	1
7646	3	25	123	0	28	1479	0	1	1
7669	2	19	62	0	28	2292	0	1	1
7679	3	25	123	0	28	1479	0	1	1
7682	2	19	62	0	28	2292	0	1	1
7684	3	25	123	0	28	1479	0	1	1
7685	2	19	62	0	28	2292	0	1	1
7691	3	25	123	0	28	1479	0	1	1
7693	2	19	62	0	28	2292	0	1	1
7698	1	1	6	0	2	65	0	1	1
7699	1	1	6	0	2	65	0	1	1
7699	3	25	123	0	28	1479	0	1	0
7701	1	1	6	0	2	65	0	1	1
7702	1	1	6	0	2	65	0	1	1
7704	1	1	6	0	2	65	0	1	1
7708	1	1	6	0	28	1095	0	1	1
7717	2	17	21	0	28	2292	0	1	0
7717	2	19	62	0	28	2292	0	1	1
7740	1	5	49	0	6	209	0	1	1
7741	1	5	49	0	6	209	0	1	1
7745	2	19	62	0	28	2292	0	1	1
7747	1	5	49	0	28	1479	0	1	1
7747	1	3	58	0	6	209	0	1	1
7748	1	5	49	0	28	1479	0	1	0
7748	1	3	58	0	6	209	0	1	1
7758	1	3	58	0	28	1479	0	1	1
7766	1	3	58	0	28	1479	0	1	1
7769	2	19	62	0	28	2292	0	1	1
7778	2	19	62	0	28	2292	0	1	1
7791	1	1	6	0	28	1095	0	1	1
7791	1	3	58	0	28	1095	0	1	1
7798	2	19	62	0	28	2292	0	1	1
7809	2	19	62	0	28	2292	0	1	0
7809	3	25	123	0	28	1479	0	1	0
7814	3	25	123	0	28	1479	0	1	1
7852	3	25	123	0	28	1479	0	1	1
7865	3	25	123	0	28	1479	0	1	1
7868	3	25	123	0	28	1479	0	1	1
7881	3	25	123	0	28	1479	0	1	1
7885	1	1	6	0	2	65	0	1	1
7885	1	3	58	0	28	1095	0	1	0
7886	1	1	6	0	2	65	0	1	1
7886	1	3	58	0	28	1095	0	1	0
7888	1	1	6	0	2	87	0	1	1
7889	1	1	6	0	2	87	0	1	1
7891	1	1	6	0	2	87	0	1	1
7892	1	1	6	0	2	87	0	1	1
7893	1	1	6	0	2	87	0	1	1
7894	1	1	6	0	2	87	0	1	1
7895	1	1	6	0	28	1479	0	1	1
7895	1	5	49	0	6	209	0	1	0
7896	2	17	21	0	28	2292	0	1	1
7900	1	1	6	0	28	1479	0	1	0
7900	1	5	49	0	6	209	0	1	1
7906	2	17	21	0	28	2292	0	1	1
7920	2	17	21	0	28	2292	0	1	0
7920	2	19	62	0	28	2292	0	1	1
7933	2	17	21	0	28	2292	0	1	1
7933	2	19	62	0	28	2292	0	1	0
7934	2	17	21	0	28	2292	0	1	1
7934	2	19	62	0	28	2292	0	1	0
7943	1	5	49	0	6	325	0	1	1
7946	2	17	21	0	28	2292	0	1	1
7948	3	25	123	0	28	1479	0	1	1
7956	1	5	49	0	28	2292	0	1	1
7962	1	5	49	0	28	2292	0	1	1
7967	2	17	21	0	28	2292	0	1	1
7981	1	1	6	0	2	87	0	1	1
7981	1	3	58	0	6	209	0	1	0
7982	1	1	6	0	2	87	0	1	1
7982	1	3	58	0	6	209	0	1	0
7983	1	1	6	0	2	87	0	1	1
7983	1	3	58	0	6	209	0	1	0
7983	3	25	123	0	28	1479	0	1	0
7984	1	1	6	0	2	87	0	1	1
7984	1	3	58	0	6	209	0	1	0
7987	1	1	6	0	2	87	0	1	1
7987	1	3	58	0	6	209	0	1	0
7988	1	1	6	0	28	1479	0	1	1
8001	2	17	21	0	28	2292	0	1	1
8011	4	37	42	0	28	2292	0	1	1
8011	4	39	74	0	28	2292	0	1	0
8013	2	17	21	0	28	2292	0	1	1
8023	2	17	21	0	28	2292	0	1	1
8064	1	3	58	0	6	325	0	1	1
8068	2	17	21	0	28	2292	0	1	1
8068	2	19	62	0	28	4587	0	1	1
8073	1	1	6	0	2	65	0	1	1
8073	1	5	49	0	6	153	0	1	0
8073	1	3	58	0	28	1095	0	1	0
8075	1	1	6	0	2	65	0	1	1
8075	1	5	49	0	6	153	0	1	0
8075	1	3	58	0	28	1095	0	1	0
8077	1	1	6	0	2	87	0	1	1
8077	1	5	49	0	6	209	0	1	0
8079	1	1	6	0	2	87	0	1	1
8079	1	5	49	0	6	209	0	1	0
8080	1	1	6	0	2	87	0	1	1
8081	1	1	6	0	2	87	0	1	1
8086	1	1	6	0	28	1479	0	1	1
8101	2	17	21	0	28	2292	0	1	1
8101	2	19	62	0	28	2292	0	1	1
8105	2	17	21	0	28	2292	0	1	1
8105	2	19	62	0	28	2292	0	1	0
8106	2	17	21	0	28	2292	0	1	0
8106	2	19	62	0	28	2292	0	1	1
8110	2	17	21	0	28	2292	0	1	1
8110	2	19	62	0	28	2292	0	1	0
8111	2	17	21	0	28	2292	0	1	1
8111	2	19	62	0	28	2292	0	1	0
8161	2	17	21	0	28	2292	0	1	1
8168	1	1	6	0	28	1095	0	1	1
8186	3	25	123	0	28	1479	0	1	1
8187	2	17	21	0	28	2292	0	1	1
8190	2	17	21	0	28	2292	0	1	1
8193	3	25	123	0	28	1479	0	1	1
8194	3	25	123	0	28	1479	0	1	1
8200	2	17	21	0	28	2292	0	1	1
8201	3	25	123	0	28	1479	0	1	1
8210	3	25	123	0	28	1479	0	1	1
8212	2	17	21	0	28	2292	0	1	1
8213	2	17	21	0	28	2292	0	1	0
8213	3	25	123	0	28	1479	0	1	0
8214	3	25	123	0	28	1479	0	1	1
8227	3	25	123	0	28	1479	0	1	1
8228	1	5	49	0	6	209	0	1	1
8228	1	3	58	0	6	209	0	1	0
8232	1	3	58	0	6	325	0	1	1
8233	3	25	123	0	28	1479	0	1	1
8234	1	3	58	0	6	325	0	1	1
8236	3	25	123	0	28	1479	0	1	1
8237	2	19	62	0	28	2292	0	1	1
8254	1	5	49	0	28	1479	0	1	0
8254	1	3	58	0	28	1479	0	1	1
8260	1	5	49	0	28	1479	0	1	0
8260	1	3	58	0	28	1479	0	1	1
8262	2	19	62	0	28	2292	0	1	1
8263	1	1	6	0	28	1095	0	1	1
8263	1	3	58	0	28	1095	0	1	1
8271	1	3	58	0	28	1479	0	1	1
8275	2	19	62	0	28	2292	0	1	1
8286	3	25	123	0	28	1479	0	1	1
8288	2	19	62	0	28	2292	0	1	1
8291	2	19	62	0	28	2292	0	1	1
8312	3	25	123	0	28	1479	0	1	1
8313	3	25	123	0	28	1479	0	1	1
8323	2	19	62	0	28	2292	0	1	0
8323	3	25	123	0	28	1479	0	1	0
8335	3	25	123	0	0	53	0	1	1
8350	3	25	123	0	28	1479	0	1	1
8356	1	1	6	0	2	65	0	1	1
8356	1	3	58	0	28	1095	0	1	0
8357	1	1	6	0	2	65	0	1	1
8357	1	3	58	0	28	1095	0	1	0
8359	1	1	6	0	2	87	0	1	1
8360	1	1	6	0	2	87	0	1	1
8361	1	1	6	0	2	87	0	1	1
8362	1	1	6	0	2	87	0	1	1
8363	1	1	6	0	2	87	0	1	1
8365	1	1	6	0	2	87	0	1	1
8366	1	1	6	0	28	1479	0	1	1
8374	2	17	21	0	28	2292	0	1	1
8375	1	5	49	0	6	325	0	1	1
8378	2	17	21	0	28	2292	0	1	1
8380	2	17	21	0	28	2292	0	1	1
8383	1	5	49	0	28	2292	0	1	0
8383	3	25	123	0	28	1479	0	1	0
8391	2	17	21	0	28	2292	0	1	0
8391	2	19	62	0	28	2292	0	1	1
8401	2	19	62	0	28	4587	0	1	1
8414	1	5	49	0	2	137	0	1	1
8419	2	17	21	0	28	2292	0	1	1
8419	2	19	62	0	28	2292	0	1	0
8446	1	5	49	0	28	2292	0	1	1
8450	1	1	6	0	28	1095	0	1	1
8450	1	5	49	0	28	1095	0	1	0
8450	1	3	58	0	6	153	0	1	0
8460	2	17	21	0	28	2292	0	1	1
8476	2	17	21	0	28	2292	0	1	0
8476	3	25	123	0	28	1479	0	1	0
8477	3	25	123	0	28	1479	0	1	1
8490	3	25	123	0	28	1479	0	1	1
8514	3	25	123	0	28	1479	0	1	1
8521	3	25	123	0	28	1479	0	1	1
8535	3	25	123	0	28	1479	0	1	1
8537	3	25	123	0	28	1479	0	1	1
8543	2	17	21	0	28	2292	0	1	1
8544	1	1	6	0	2	65	0	1	1
8544	1	5	49	0	6	153	0	1	0
8544	1	3	58	0	6	153	0	1	0
8545	1	1	6	0	2	65	0	1	1
8545	1	5	49	0	6	153	0	1	0
8545	1	3	58	0	6	153	0	1	0
8546	1	1	6	0	2	65	0	1	1
8546	1	5	49	0	6	153	0	1	1
8546	1	3	58	0	6	153	0	1	0
8547	1	1	6	0	2	65	0	1	1
8547	1	5	49	0	6	153	0	1	0
8547	1	3	58	0	6	153	0	1	0
8548	1	1	6	0	2	65	0	1	1
8548	1	5	49	0	6	153	0	1	0
8548	1	3	58	0	6	153	0	1	0
8549	1	1	6	0	2	65	0	1	0
8549	1	5	49	0	6	153	0	1	0
8549	1	3	58	0	6	153	0	1	0
8549	2	17	21	0	28	2292	0	1	0
8549	2	19	62	0	28	2292	0	1	0
8550	1	1	6	0	2	65	0	1	1
8550	1	5	49	0	6	153	0	1	0
8550	1	3	58	0	6	153	0	1	0
8551	1	1	6	0	28	1095	0	1	1
8556	3	25	123	0	28	1479	0	1	1
8557	3	25	123	0	28	1479	0	1	1
8558	2	17	21	0	28	2292	0	1	1
8558	2	19	62	0	28	2292	0	1	0
8567	3	25	123	0	28	1479	0	1	1
8589	3	25	123	0	28	1479	0	1	1
8590	2	17	21	0	28	2292	0	1	1
8591	3	25	123	0	28	1479	0	1	1
8596	2	17	21	0	28	2292	0	1	1
8601	3	25	123	0	28	1479	0	1	1
8606	2	17	21	0	28	2292	0	1	1
8607	3	25	123	0	28	1479	0	1	1
8611	3	25	123	0	28	1479	0	1	1
8631	2	17	21	0	28	2292	0	1	1
8638	1	1	6	0	28	1095	0	1	1
8640	2	17	21	0	28	2292	0	1	1
8641	2	17	21	0	28	2292	0	1	1
8643	2	17	21	0	28	2292	0	1	1
8654	2	17	21	0	28	2292	0	1	1
8656	2	17	21	0	28	2292	0	1	1
8678	3	25	123	0	28	1479	0	1	1
8691	3	25	123	0	28	1479	0	1	1
8698	2	17	21	0	28	2292	0	1	1
8704	3	25	123	0	28	1479	0	1	1
8706	1	5	49	0	6	209	0	1	1
8706	1	3	58	0	6	209	0	1	0
8709	2	17	21	0	28	2292	0	1	1
8709	2	19	62	0	28	2292	0	1	0
8711	2	17	21	0	28	2292	0	1	1
8711	2	19	62	0	28	2292	0	1	0
8713	2	17	21	0	28	2292	0	1	0
8713	2	19	62	0	28	2292	0	1	0
8713	3	25	123	0	28	1479	0	1	0
8723	3	25	123	0	0	53	0	1	1
8726	2	17	21	0	28	2292	0	1	0
8726	2	19	62	0	28	2292	0	1	1
8735	1	1	6	0	2	65	0	1	1
8735	1	5	49	0	28	1095	0	1	0
8736	1	1	6	0	2	65	0	1	1
8736	1	5	49	0	28	1095	0	1	0
8737	1	1	6	0	2	87	0	1	1
8738	1	1	6	0	2	87	0	1	1
8738	2	19	62	0	28	2292	0	1	0
8739	1	1	6	0	2	87	0	1	1
8740	1	1	6	0	2	87	0	1	1
8741	1	1	6	0	2	87	0	1	1
8742	1	1	6	0	2	87	0	1	1
8743	1	1	6	0	2	87	0	1	1
8746	1	1	6	0	28	1479	0	1	0
8746	3	25	123	0	28	1479	0	1	0
8751	3	25	123	0	28	1479	0	1	1
8797	3	25	123	0	28	1479	0	1	1
8803	3	25	123	0	28	1479	0	1	1
8825	3	25	123	0	28	1479	0	1	1
8828	1	1	6	0	2	65	0	1	1
8829	1	1	6	0	2	65	0	1	1
8831	1	1	6	0	2	65	0	1	1
8832	1	1	6	0	2	65	0	1	1
8833	1	1	6	0	2	65	0	1	1
8834	1	1	6	0	2	65	0	1	0
8834	2	17	21	0	28	2292	0	1	0
8835	1	1	6	0	28	1095	0	1	1
8836	2	17	21	0	28	2292	0	1	1
8838	2	17	21	0	28	2292	0	1	1
8847	2	17	21	0	28	2292	0	1	1
8849	3	25	123	0	28	1479	0	1	1
8855	3	25	123	0	28	1479	0	1	1
8856	1	5	49	0	6	209	0	1	1
8860	3	25	123	0	28	1479	0	1	1
8869	1	5	49	0	28	1479	0	1	0
8869	1	3	58	0	6	209	0	1	1
8872	1	5	49	0	28	1479	0	1	0
8872	1	3	58	0	6	209	0	1	1
8872	3	25	123	0	28	1479	0	1	1
8876	1	3	58	0	28	1479	0	1	1
8881	3	25	123	0	28	1479	0	1	1
8893	1	3	58	0	28	1479	0	1	1
8903	2	17	21	0	28	2292	0	1	1
8903	2	19	62	0	28	2292	0	1	0
8907	1	3	58	0	28	1479	0	1	1
8915	2	17	21	0	28	2292	0	1	1
8921	1	1	6	0	28	1095	0	1	1
8921	1	3	58	0	28	1095	0	1	0
8930	2	17	21	0	28	2292	0	1	1
8933	3	25	123	0	28	1479	0	1	1
8951	2	17	21	0	28	2292	0	1	1
8957	3	25	123	0	28	1479	0	1	1
8964	2	17	21	0	28	2292	0	1	1
8965	2	17	21	0	28	2292	0	1	1
8998	2	17	21	0	28	2292	0	1	0
8998	3	25	123	0	28	1479	0	1	0
9006	3	25	123	0	0	53	0	1	1
9015	1	1	6	0	2	65	0	1	1
9015	1	5	49	0	6	153	0	1	0
9016	1	1	6	0	2	65	0	1	1
9016	1	5	49	0	6	153	0	1	0
9017	1	1	6	0	2	65	0	1	1
9017	1	5	49	0	6	153	0	1	0
9018	1	1	6	0	2	65	0	1	1
9018	1	5	49	0	6	153	0	1	0
9019	1	1	6	0	2	65	0	1	1
9019	1	5	49	0	6	153	0	1	0
9020	1	1	6	0	2	65	0	1	1
9020	1	5	49	0	6	153	0	1	1
9021	1	1	6	0	2	65	0	1	1
9021	1	5	49	0	6	153	0	1	0
9022	1	1	6	0	28	1095	0	1	1
9024	1	1	6	0	28	1095	0	1	0
9024	1	3	58	0	6	153	0	1	1
9032	2	19	62	0	28	2292	0	1	1
9034	3	25	123	0	28	1479	0	1	1
9038	1	3	58	0	6	209	0	1	1
9045	3	25	123	0	28	1479	0	1	1
9051	1	3	58	0	28	1479	0	1	1
9058	3	25	123	0	28	1479	0	1	1
9059	1	3	58	0	28	1479	0	1	1
9069	1	3	58	0	28	1479	0	1	1
9070	3	25	123	0	28	1479	0	1	1
9073	2	19	62	0	28	2292	0	1	1
9074	3	25	123	0	28	1479	0	1	1
9084	3	25	123	0	28	1479	0	1	1
9093	3	25	123	0	28	1479	0	1	1
9100	3	25	123	0	28	1479	0	1	1
9104	2	19	62	0	28	2292	0	1	1
9125	2	19	62	0	28	2292	0	1	0
9125	3	25	123	0	28	1479	0	1	0
9127	3	25	123	0	28	1479	0	1	1
9129	3	25	123	0	28	1479	0	1	1
9132	1	1	6	0	2	87	0	1	1
9134	1	1	6	0	2	87	0	1	1
9136	1	1	6	0	2	87	0	1	1
9137	1	1	6	0	2	87	0	1	1
9138	1	1	6	0	2	87	0	1	1
9139	1	1	6	0	28	1479	0	1	1
9148	3	25	123	0	28	1479	0	1	1
9150	2	17	21	0	28	2292	0	1	1
9178	1	5	49	0	6	325	0	1	1
9187	3	25	123	0	28	1479	0	1	1
9193	1	5	49	0	28	2292	0	1	0
9193	2	17	21	0	28	2292	0	1	0
9193	2	19	62	0	28	2292	0	1	0
9201	3	25	123	0	28	1479	0	1	1
9203	1	1	6	0	2	65	0	1	1
9203	1	3	58	0	6	153	0	1	0
9204	1	1	6	0	2	65	0	1	1
9204	1	3	58	0	6	153	0	1	0
9205	1	1	6	0	2	65	0	1	1
9205	1	3	58	0	6	153	0	1	0
9206	1	1	6	0	2	65	0	1	1
9206	1	3	58	0	6	153	0	1	0
9207	3	25	123	0	28	1479	0	1	1
9208	1	1	6	0	2	65	0	1	1
9208	1	3	58	0	6	153	0	1	0
9209	1	1	6	0	2	65	0	1	1
9209	1	3	58	0	6	153	0	1	0
9209	3	25	123	0	28	1479	0	1	0
9210	1	1	6	0	28	1095	0	1	1
9258	3	25	123	0	28	1479	0	1	1
9273	3	25	123	0	28	1479	0	1	1
9278	3	25	123	0	28	1479	0	1	1
9283	3	25	123	0	28	1479	0	1	1
9286	3	25	123	0	28	1479	0	1	1
9292	3	25	123	0	28	1479	0	1	1
9296	3	25	123	0	28	1479	0	1	1
9298	1	1	6	0	2	65	0	1	1
9300	1	1	6	0	2	65	0	1	1
9301	1	1	6	0	2	65	0	1	1
9302	1	1	6	0	2	65	0	1	1
9303	1	1	6	0	2	65	0	1	1
9304	1	1	6	0	2	65	0	1	1
9305	1	1	6	0	28	1095	0	1	0
9305	3	25	123	0	28	1479	0	1	0
9334	2	17	21	0	28	2292	0	1	1
9348	2	17	21	0	28	2292	0	1	0
9348	2	19	62	0	28	2292	0	1	1
9350	2	17	21	0	28	2292	0	1	1
9350	2	19	62	0	28	4587	0	1	1
9354	1	5	49	0	6	209	0	1	0
9354	1	3	58	0	6	209	0	1	1
9357	1	5	49	0	6	209	0	1	0
9357	1	3	58	0	6	209	0	1	1
9360	1	5	49	0	6	209	0	1	1
9360	1	3	58	0	6	209	0	1	0
9366	1	3	58	0	28	1479	0	1	1
9383	1	5	49	0	28	1479	0	1	1
9383	1	3	58	0	28	1479	0	1	0
9385	1	5	49	0	28	1479	0	1	1
9385	1	3	58	0	28	1479	0	1	1
9387	2	19	62	0	28	2292	0	1	1
9388	1	5	49	0	28	1479	0	1	0
9388	1	3	58	0	28	1479	0	1	1
9392	1	1	6	0	4	105	0	1	1
9392	1	5	49	0	28	1095	0	1	1
9392	1	3	58	0	28	1095	0	1	0
9393	1	1	6	0	4	105	0	1	1
9393	1	5	49	0	28	1095	0	1	1
9393	1	3	58	0	28	1095	0	1	0
9394	1	1	6	0	4	105	0	1	1
9394	1	5	49	0	28	1095	0	1	1
9394	1	3	58	0	28	1095	0	1	0
9395	1	1	6	0	4	105	0	1	1
9395	1	3	58	0	28	1095	0	1	0
9396	1	1	6	0	2	87	0	1	1
9397	1	1	6	0	2	87	0	1	1
9398	1	1	6	0	2	87	0	1	1
9399	1	1	6	0	2	87	0	1	1
9400	1	1	6	0	2	87	0	1	1
9402	1	1	6	0	2	87	0	1	1
9404	1	1	6	0	28	1479	0	1	1
9409	2	19	62	0	28	2292	0	1	1
9416	2	19	62	0	28	2292	0	1	1
9418	3	25	123	0	28	1479	0	1	1
9422	2	19	62	0	28	2292	0	1	1
9428	2	19	62	0	28	2292	0	1	1
9431	3	25	123	0	28	1479	0	1	1
9435	3	25	123	0	28	1479	0	1	1
9438	2	19	62	0	28	2292	0	1	1
9453	3	25	123	0	28	1479	0	1	1
9456	2	19	62	0	28	2292	0	1	1
9462	2	19	62	0	28	2292	0	1	1
9465	3	25	123	0	28	1479	0	1	1
9470	2	17	21	0	28	2292	0	1	0
9470	2	19	62	0	28	2292	0	1	0
9470	3	25	123	0	28	1479	0	1	0
9472	3	25	123	0	28	1479	0	1	1
9474	3	25	123	0	28	1479	0	1	1
9487	1	1	6	0	2	65	0	1	1
9487	1	5	49	0	28	1095	0	1	0
9488	1	1	6	0	2	65	0	1	1
9488	1	5	49	0	28	1095	0	1	0
9490	1	1	6	0	2	87	0	1	1
9492	1	1	6	0	2	87	0	1	1
9493	1	1	6	0	2	87	0	1	1
9494	3	25	123	0	28	1479	0	1	1
9496	1	1	6	0	2	87	0	1	1
9497	1	1	6	0	28	1479	0	1	1
9511	2	19	62	0	28	2292	0	1	1
9512	3	25	123	0	28	1479	0	1	1
9513	2	19	62	0	28	2292	0	1	1
9521	3	25	123	0	28	1479	0	1	1
9522	2	19	62	0	28	2292	0	1	1
9524	2	19	62	0	28	2292	0	1	1
9531	2	19	62	0	28	2292	0	1	1
9541	3	25	123	0	28	1479	0	1	1
9545	3	25	123	0	28	1479	0	1	1
9551	3	25	123	0	28	1479	0	1	1
9560	3	25	123	0	28	1479	0	1	1
9568	3	25	123	0	28	1479	0	1	1
9578	3	25	123	0	28	1479	0	1	1
9580	1	1	6	0	28	1095	0	1	1
9580	1	5	49	0	6	153	0	1	0
9580	1	3	58	0	6	153	0	1	0
9592	3	25	123	0	28	1479	0	1	1
9614	2	19	62	0	28	2292	0	1	1
9616	3	25	123	0	28	1479	0	1	1
9619	2	19	62	0	28	2292	0	1	1
9640	3	25	123	0	28	1479	0	1	1
9644	2	17	21	0	28	4587	0	1	1
9644	2	19	62	0	28	2292	0	1	1
9656	1	5	49	0	6	209	0	1	1
9669	1	5	49	0	6	325	0	1	1
9674	1	1	6	0	2	65	0	1	1
9674	1	5	49	0	28	1095	0	1	0
9674	1	3	58	0	6	153	0	1	0
9675	1	1	6	0	2	65	0	1	1
9675	1	5	49	0	28	1095	0	1	0
9675	1	3	58	0	6	153	0	1	0
9677	1	1	6	0	2	65	0	1	1
9677	1	5	49	0	28	1095	0	1	1
9677	1	3	58	0	6	153	0	1	0
9678	1	1	6	0	2	65	0	1	1
9678	1	5	49	0	28	1095	0	1	0
9678	1	3	58	0	6	153	0	1	1
9679	1	1	6	0	2	65	0	1	1
9679	1	5	49	0	28	1095	0	1	0
9679	1	3	58	0	6	153	0	1	0
9679	3	25	123	0	28	1479	0	1	0
9680	1	1	6	0	2	65	0	1	1
9680	1	5	49	0	28	1095	0	1	0
9680	1	3	58	0	6	153	0	1	0
9681	2	17	21	0	28	2292	0	1	1
9681	2	19	62	0	28	2292	0	1	0
9683	1	1	6	0	28	1095	0	1	1
9735	3	25	123	0	28	1479	0	1	1
9739	2	17	21	0	28	2292	0	1	1
9748	3	25	123	0	28	1479	0	1	1
9759	2	17	21	0	28	2292	0	1	1
9761	3	25	123	0	28	1479	0	1	1
9768	1	1	6	0	28	1095	0	1	1
9777	2	17	21	0	28	2292	0	1	1
9789	2	17	21	0	28	2292	0	1	1
9790	2	17	21	0	28	2292	0	1	1
9808	3	25	123	0	28	1479	0	1	1
9815	1	5	49	0	6	209	0	1	1
9822	1	5	49	0	28	1479	0	1	1
9823	3	25	123	0	28	1479	0	1	1
9826	3	25	123	0	28	1479	0	1	1
9828	1	5	49	0	28	1479	0	1	1
9828	1	3	58	0	6	209	0	1	0
9832	2	17	21	0	28	2292	0	1	1
9832	2	19	62	0	28	2292	0	1	1
9834	3	25	123	0	28	1479	0	1	1
9837	1	5	49	0	28	1479	0	1	1
9842	2	17	21	0	28	2292	0	1	1
9842	2	19	62	0	28	2292	0	1	0
9843	2	17	21	0	28	2292	0	1	0
9843	2	19	62	0	28	2292	0	1	1
9845	2	17	21	0	28	2292	0	1	1
9845	2	19	62	0	28	2292	0	1	0
9846	2	17	21	0	28	2292	0	1	0
9846	2	19	62	0	28	2292	0	1	1
9847	2	17	21	0	28	2292	0	1	0
9847	2	19	62	0	28	2292	0	1	1
9853	3	25	123	0	28	1479	0	1	1
9863	1	1	6	0	28	1095	0	1	1
9863	1	5	49	0	28	1095	0	1	0
9883	3	25	123	0	28	1479	0	1	1
9885	3	25	123	0	28	1479	0	1	1
9929	3	25	123	0	28	1479	0	1	1
9931	3	25	123	0	28	1479	0	1	1
9957	1	1	6	0	2	65	0	1	1
9958	1	1	6	0	2	65	0	1	1
9961	1	1	6	0	2	65	0	1	1
9962	1	1	6	0	2	65	0	1	0
9962	2	17	21	0	28	2292	0	1	0
9962	2	19	62	0	28	2292	0	1	0
9963	1	1	6	0	2	65	0	1	1
9966	1	1	6	0	28	1095	0	1	1
9968	2	17	21	0	28	2292	0	1	0
9968	2	19	62	0	28	2292	0	1	1
9975	2	19	62	0	28	2292	0	1	1
9978	2	19	62	0	28	2292	0	1	1
9981	1	5	49	0	6	209	0	1	1
9982	2	19	62	0	28	2292	0	1	1
9984	2	19	62	0	28	2292	0	1	1
9986	2	19	62	0	28	2292	0	1	1
9990	3	25	123	0	28	1479	0	1	1
9995	1	5	49	0	28	1479	0	1	0
9995	1	3	58	0	6	209	0	1	1
